1|341614|0.0
1|291467|0.0
1|61743|0.0
1|120077|0.0
1|149643|0.0
1|544808|0.0
1|687967|0.0
1|43450|0.0
1|91053|0.0
1|647456|0.0
1|666187|0.0
1|42603|0.0
1|107645|0.0
1|71538|0.0
1|24415|0.0
1|387150|0.0
1|628889|0.0
1|582491|0.0
1|552313|0.0
1|49077|0.0
1|169732|0.0
1|322566|0.0
1|439727|0.0
1|396203|0.0
1|554407|0.0
1|273610|0.0
1|448472|0.0
1|647338|0.0
1|565427|0.0
1|208687|0.0
1|741094|0.0
1|216546|0.0
1|372583|0.0
1|478233|0.0
1|721104|0.0
1|46672|0.0
1|504308|0.0
1|34954|0.0
1|545453|0.0
1|482193|0.0
1|590560|0.0
1|233013|0.0
1|511228|0.0
1|387355|0.0
1|523027|0.0
1|550167|0.0
1|397385|0.0
1|413213|0.0
1|380563|0.0
1|581606|0.0
1|725798|0.0
1|694614|0.0
1|711661|0.0
1|383180|0.0
1|153190|0.0
1|295571|0.0
1|129327|0.0
1|794410|0.0
1|519668|0.0
1|420937|0.0
1|457646|0.0
1|362455|0.0
1|362451|0.0
1|643650|0.0
1|255317|0.0
1|61566|0.0
1|475361|0.0
1|353986|0.0
1|529989|0.0
1|48440|0.0
1|8765|0.0
1|496268|0.0
1|359647|0.0
1|430551|0.0
1|311157|0.0
1|538189|0.0
1|399091|0.0
1|741395|0.0
1|487776|0.0
1|777904|0.0
1|788916|0.0
1|130859|0.0
1|331457|0.0
1|526923|0.0
1|21217|0.0
1|664845|0.0
1|355683|0.0
1|327296|0.0
1|385242|0.0
1|562602|0.0
1|37481|0.0
1|314413|0.0
1|293571|0.0
1|760339|0.0
1|241337|0.0
1|706768|0.0
1|219260|0.0
1|691216|0.0
1|88340|0.0
1|613199|0.0
2|345897|0.0
2|591286|0.0
2|560148|0.0
2|749310|0.0
2|476913|0.0
2|92159|0.0
2|242801|0.0
2|87068|0.0
2|772247|0.0
2|826257|0.0
2|647337|0.0
2|777099|0.0
2|252677|0.0
2|653971|0.0
2|150986|0.0
2|178714|0.0
2|238945|0.0
2|783062|0.0
2|228808|0.0
2|725659|0.0
2|658201|0.0
2|418533|0.0
2|187642|0.0
2|121323|0.0
2|129631|0.0
2|739579|0.0
2|450813|0.0
2|504203|0.0
2|777690|0.0
2|77728|0.0
2|246465|0.0
2|267943|0.0
2|113963|0.0
2|423608|0.0
2|178856|0.0
2|61560|0.0
2|109058|0.0
2|557660|0.0
2|817748|0.0
2|741375|0.0
2|452544|0.0
2|681490|0.0
2|810726|0.0
2|366027|0.0
2|443494|0.0
2|623771|0.0
2|223201|0.0
2|198994|0.0
2|299123|0.0
2|682902|0.0
2|314687|0.0
2|212541|0.0
2|256286|0.1375
2|584026|0.0
2|721694|0.0
2|296774|0.0
2|820028|0.0
2|295425|0.188888888889
2|54664|0.0
2|192378|0.188888888889
2|556159|0.0
2|18028|0.0
2|165833|0.0
2|794197|0.0
2|384888|0.0
2|467910|0.0606060606061
2|805446|0.0
2|145477|0.0606060606061
2|198247|0.0
2|197693|0.0666666666667
2|643409|0.184782608696
2|735044|0.0
2|546854|0.177777777778
2|512623|0.178571428571
2|221277|0.0
2|710510|0.0
2|518233|0.0
2|549400|0.0
2|368315|0.0606060606061
2|102851|0.0
2|401487|0.0666666666667
2|486150|0.134146341463
2|543570|0.0
2|243102|0.186046511628
2|781933|0.0
2|111802|0.0
2|200300|0.0
2|323358|0.0
2|687268|0.0
2|325644|0.0
2|654989|0.0
2|205247|0.188888888889
2|679200|0.0
2|56373|0.177777777778
2|17695|0.0
2|382968|0.0
2|330778|0.0
2|276710|0.0
2|746536|0.0
2|299933|0.178571428571
3|780918|0.0
3|780912|0.0
3|828187|0.0
3|26566|0.0
3|150168|0.0
3|175978|0.0
3|670393|0.0
3|581166|0.0
3|109854|0.0
3|218093|0.0
3|619958|0.0
3|726087|0.0
3|170919|0.0
3|236903|0.0
3|123945|0.0
3|398737|0.0
3|803251|0.0
3|591283|0.0
3|250814|0.0
3|300040|0.0
3|510268|0.0
3|190787|0.0
3|152270|0.0
3|575551|0.0
3|681938|0.0
3|31760|0.0
3|550930|0.0
3|821430|0.0
3|392671|0.0
3|455653|0.0
3|596030|0.0
3|324704|0.0
3|770219|0.0
3|650934|0.0
3|264684|0.0
3|798092|0.0
3|327704|0.0
3|332919|0.0
3|535134|0.0
3|740153|0.0
3|452810|0.0
3|393869|0.0
3|783976|0.0
3|783977|0.0
3|467534|0.0
3|297441|0.0
3|781203|0.0
3|757771|0.0
3|529451|0.0
3|332493|0.0
3|585073|0.0
3|518244|0.0
3|20893|0.0
3|303465|0.0
3|232977|0.0
3|549818|0.0
3|609256|0.0
3|657322|0.0
3|145419|0.0
3|62925|0.0
3|272748|0.0
3|475627|0.0
3|526102|0.0
3|683459|0.0
3|812728|0.0
3|817834|0.0
3|727489|0.0
3|126910|0.0
3|364512|0.0
3|449131|0.0
3|408893|0.0
3|265260|0.0
3|73126|0.0
3|42999|0.0
3|594709|0.0
3|576031|0.0
3|221020|0.0
3|563749|0.0
3|310079|0.0
3|612069|0.0
3|543151|0.0
3|422939|0.0
3|71142|0.0
3|438807|0.0
3|116526|0.0
3|132626|0.0
3|520077|0.0
3|212251|0.0
3|92556|0.0
3|526079|0.0
3|503539|0.0
3|542157|0.0
3|511439|0.0
3|733381|0.0
3|267560|0.0
3|753610|0.0
3|365493|0.0
3|112425|0.0
3|197310|0.0
3|402020|0.0
4|494927|0.0
4|26562|0.0
4|446861|0.0
4|260312|0.0
4|822714|0.0
4|440673|0.0
4|418881|0.0
4|171645|0.0
4|330903|0.0
4|683159|0.0
4|279267|0.0
4|97742|0.0
4|307883|0.0
4|389138|0.0
4|147473|0.0
4|744556|0.0
4|494388|0.0
4|758513|0.0
4|815152|0.0
4|807921|0.0
4|609573|0.0
4|267744|0.0
4|816055|0.0
4|11531|0.0
4|651715|0.0
4|517260|0.0
4|826133|0.0
4|786366|0.0
4|575998|0.0
4|477967|0.0
4|403527|0.0
4|59632|0.0
4|672244|0.0
4|767880|0.0
4|746282|0.0
4|144949|0.0
4|605582|0.0
4|71236|0.0
4|515932|0.0
4|423026|0.0
4|603121|0.0
4|413270|0.0
4|812673|0.0
4|757039|0.0
4|387153|0.0
4|658620|0.0
4|547025|0.0
4|89431|0.0
4|517486|0.0
4|114788|0.0
4|357893|0.241935483871
4|314347|0.241935483871
4|194195|0.263636363636
4|598696|0.263636363636
4|445603|0.263636363636
4|399485|0.215909090909
4|276796|0.263636363636
4|305593|0.263636363636
4|12207|0.215909090909
4|86170|0.263636363636
4|750664|0.263636363636
4|824400|0.263636363636
4|77343|0.263636363636
4|743253|0.0
4|642797|0.263636363636
4|150241|0.263636363636
4|210918|0.263636363636
4|570242|0.263636363636
4|735093|0.263636363636
4|498240|0.229508196721
4|590057|0.215909090909
4|693568|0.257575757576
4|406311|0.263636363636
4|396513|0.263636363636
4|701570|0.263636363636
4|254247|0.215909090909
4|504219|0.254545454545
4|35563|0.263636363636
4|455640|0.241935483871
4|475652|0.257575757576
4|161421|0.254545454545
4|189826|0.263636363636
4|768108|0.166666666667
4|688527|0.254545454545
4|618233|0.263636363636
4|364153|0.215909090909
4|531117|0.215909090909
4|408216|0.263636363636
4|431732|0.215909090909
4|448589|0.263636363636
4|197783|0.263636363636
4|231810|0.263636363636
4|258624|0.263636363636
4|394572|0.263636363636
4|609699|0.263636363636
4|443539|0.263636363636
4|398186|0.263636363636
4|807406|0.245454545455
4|473174|0.0
4|101788|0.254545454545
5|554376|0.0
5|554373|0.0
5|89586|0.0
5|381726|0.0
5|773136|0.0
5|265102|0.0
5|218098|0.0
5|667790|0.0
5|398731|0.0
5|693713|0.0
5|806378|0.0
5|413734|0.0
5|266556|0.0
5|796922|0.0
5|381722|0.0
5|412341|0.0
5|190606|0.0
5|223620|0.0
5|590100|0.0
5|66388|0.0
5|506689|0.0
5|291463|0.0
5|339114|0.0
5|332496|0.0
5|144208|0.0
5|742024|0.0
5|159298|0.0
5|13482|0.0
5|672196|0.0
5|161714|0.0
5|461620|0.0
5|471796|0.0
5|593085|0.0
5|18609|0.0
5|43274|0.0
5|392978|0.0
5|153397|0.0
5|16813|0.0
5|229986|0.0
5|503090|0.0
5|814876|0.0
5|187665|0.0
5|755641|0.0
5|820883|0.0
5|48706|0.0
5|48702|0.0
5|627140|0.0
5|465117|0.0
5|164873|0.0
5|765980|0.0
5|187663|0.0
5|129037|0.0
5|73658|0.0
5|118176|0.0
5|699002|0.0
5|425696|0.0
5|54940|0.0
5|714076|0.0
5|323226|0.0
5|209191|0.0
5|481737|0.0
5|244138|0.0
5|211639|0.0
5|543709|0.0
5|56137|0.0
5|116259|0.0
5|47429|0.0
5|581606|0.0
5|390248|0.0
5|710217|0.0
5|743371|0.0
5|714470|0.0
5|607992|0.0
5|184110|0.0
5|337442|0.0
5|311870|0.0
5|468551|0.0
5|660963|0.0
5|258451|0.0
5|780089|0.0
5|109811|0.0
5|398151|0.0
5|587860|0.0
5|419406|0.0
5|293678|0.0
5|524753|0.0
5|256056|0.0
5|702906|0.0
5|397809|0.0
5|47666|0.0
5|306171|0.0
5|333409|0.0
5|610425|0.0
5|95215|0.0
5|152662|0.0
5|170558|0.0
5|224169|0.0
5|695283|0.0
5|146854|0.0
5|340490|0.0
6|204013|0.0
6|788513|0.0
6|117648|0.0
6|338561|0.0
6|66137|0.0
6|512252|0.0
6|762666|0.0
6|568507|0.0
6|85358|0.0
6|772025|0.0
6|650269|0.0
6|833113|0.0
6|606454|0.0
6|58141|0.0
6|444598|0.0
6|735719|0.0
6|94791|0.0
6|173538|0.0
6|561205|0.0
6|687576|0.0
6|274540|0.0
6|676018|0.0
6|17362|0.0
6|713374|0.0
6|480245|0.0
6|331612|0.0
6|512362|0.0
6|744914|0.0
6|107546|0.0
6|648967|0.0
6|119894|0.0
6|227693|0.0
6|251905|0.0
6|288044|0.0
6|473219|0.0
6|15480|0.0
6|667351|0.0
6|220948|0.0
6|412861|0.0
6|124452|0.0
6|400082|0.0
6|333425|0.0
6|722596|0.0
6|59335|0.0
6|671764|0.0
6|465469|0.0
6|487699|0.0
6|42878|0.0
6|691611|0.0
6|227750|0.0
6|284497|0.0
6|360339|0.372340425532
6|649420|0.372340425532
6|377694|0.0
6|119528|0.372340425532
6|553523|0.372340425532
6|784217|0.0
6|483548|0.372340425532
6|214630|0.372340425532
6|671691|0.372340425532
6|35384|0.372340425532
6|534537|0.372340425532
6|799761|0.372340425532
6|130619|0.372340425532
6|743334|0.0
6|258632|0.372340425532
6|609752|0.372340425532
6|636617|0.372340425532
6|773467|0.372340425532
6|291839|0.372340425532
6|447686|0.372340425532
6|204766|0.372340425532
6|208352|0.0
6|310928|0.372340425532
6|330364|0.372340425532
6|101335|0.372340425532
6|511911|0.372340425532
6|118597|0.372340425532
6|571897|0.372340425532
6|473647|0.372340425532
6|571605|0.372340425532
6|201551|0.372340425532
6|461965|0.372340425532
6|737681|0.372340425532
6|76086|0.372340425532
6|649337|0.0
6|704903|0.372340425532
6|595390|0.0
6|132027|0.372340425532
6|308733|0.0
6|218802|0.372340425532
6|243225|0.372340425532
6|496582|0.372340425532
6|740642|0.0
6|204723|0.0
6|435798|0.0
6|242374|0.0
6|539539|0.0
6|339561|0.0
6|29728|0.0
7|780917|0.0
7|545968|0.0
7|101355|0.0
7|828183|0.0
7|388675|0.0
7|89582|0.0
7|670395|0.0
7|348529|0.0
7|123940|0.0
7|323981|0.0
7|162572|0.0
7|288181|0.0
7|561223|0.0
7|514541|0.0
7|15999|0.0
7|264687|0.0
7|29251|0.0
7|280133|0.0
7|506685|0.0
7|419121|0.0
7|261818|0.0
7|439938|0.0
7|13480|0.0
7|730295|0.0
7|735516|0.0
7|107429|0.0
7|107427|0.0
7|441983|0.0
7|487568|0.0
7|690402|0.0
7|18603|0.0
7|116414|0.0
7|593942|0.0
7|192857|0.0
7|540376|0.0
7|90711|0.0
7|535892|0.0
7|448313|0.0
7|514366|0.0
7|814165|0.0
7|364862|0.0
7|516070|0.0
7|34647|0.0
7|199880|0.0
7|166398|0.0
7|100281|0.0
7|130142|0.0
7|449811|0.0
7|595015|0.0
7|147846|0.0
7|324922|0.111111111111
7|767596|0.0
7|106291|0.162835249042
7|802174|0.111111111111
7|781715|0.111111111111
7|431420|0.162835249042
7|724925|0.218309859155
7|247426|0.111111111111
7|456165|0.207792207792
7|243197|0.111111111111
7|685367|0.111111111111
7|731766|0.0
7|671805|0.162835249042
7|365794|0.207792207792
7|275378|0.0
7|631990|0.111111111111
7|442325|0.162835249042
7|548353|0.0
7|105967|0.111111111111
7|504882|0.162835249042
7|297376|0.0
7|118916|0.0
7|135940|0.111111111111
7|437580|0.218309859155
7|585829|0.0
7|297384|0.111111111111
7|377161|0.162835249042
7|368079|0.111111111111
7|415999|0.0
7|439215|0.111111111111
7|538095|0.204225352113
7|461338|0.218309859155
7|125430|0.111111111111
7|86303|0.162835249042
7|284474|0.0
7|814060|0.111111111111
7|723453|0.111111111111
7|464881|0.111111111111
7|237433|0.111111111111
7|443139|0.0
7|49565|0.111111111111
7|368383|0.111111111111
7|512772|0.111111111111
7|555830|0.162835249042
7|478218|0.111111111111
7|192395|0.111111111111
7|151871|0.162835249042
7|205009|0.162835249042
7|452080|0.111111111111
7|744330|0.111111111111
8|780910|0.0
8|175242|0.0
8|511822|0.0
8|821434|0.0
8|332498|0.0
8|19059|0.0
8|418159|0.0
8|335896|0.0
8|528207|0.0
8|368229|0.0
8|712918|0.0
8|100285|0.0
8|449819|0.0
8|13870|0.0
8|58935|0.0
8|552252|0.0
8|786427|0.0
8|284012|0.0
8|774656|0.0
8|537051|0.0
8|699007|0.0
8|512916|0.0
8|370487|0.0
8|10535|0.0
8|162186|0.0
8|134729|0.0
8|401471|0.0
8|159295|0.0
8|107226|0.0
8|502319|0.0
8|664557|0.0
8|263353|0.0
8|23674|0.0
8|538848|0.0
8|329858|0.0
8|583902|0.0
8|506450|0.0
8|557383|0.0
8|531697|0.0
8|516117|0.0
8|206264|0.0
8|247630|0.0
8|50270|0.0
8|794937|0.0
8|819573|0.0
8|584303|0.0
8|438014|0.0
8|808772|0.0
8|83153|0.0
8|148661|0.0
8|337242|0.0
8|199619|0.0
8|286122|0.0
8|771165|0.0
8|38363|0.0
8|420873|0.0
8|614968|0.0
8|656246|0.0
8|372273|0.0
8|753837|0.0
8|149041|0.0
8|584203|0.0
8|781325|0.0
8|516671|0.0
8|318038|0.0
8|289078|0.0
8|73758|0.0
8|85945|0.0
8|82784|0.0
8|350176|0.0
8|595591|0.0
8|552591|0.0
8|515793|0.0
8|744251|0.0
8|488861|0.0
8|832571|0.0
8|221439|0.0
8|791762|0.0
8|148105|0.0
8|608528|0.0
8|417844|0.0
8|259623|0.0
8|304977|0.0
8|433981|0.0
8|57898|0.0
8|346044|0.0
8|385265|0.0
8|618830|0.0
8|592390|0.0
8|701894|0.0
8|829191|0.0
8|721883|0.0
8|260571|0.0
8|417825|0.0
8|13374|0.0
8|458476|0.0
8|126171|0.0
8|410220|0.0
8|271906|0.0
8|724940|0.0
9|513051|0.0
9|105630|0.0
9|386842|0.0
9|596920|0.0
9|619959|0.0
9|213181|0.0
9|510266|0.0
9|533213|0.0
9|523240|0.0
9|170492|0.0
9|324702|0.0
9|543141|0.0
9|477874|0.0
9|578120|0.0
9|277427|0.0
9|314581|0.0
9|747504|0.0
9|614082|0.0
9|635683|0.0
9|655033|0.0
9|649203|0.0
9|224388|0.0
9|703602|0.0
9|184863|0.0
9|178675|0.0
9|622638|0.0
9|626131|0.0
9|380766|0.0
9|448316|0.0
9|814163|0.0
9|406198|0.0
9|87506|0.0
9|44623|0.0
9|497756|0.0
9|772722|0.0
9|264752|0.0
9|753985|0.0
9|769007|0.0
9|400530|0.0
9|786367|0.0
9|786360|0.0
9|475008|0.0
9|477961|0.0
9|477960|0.0
9|676922|0.0
9|256422|0.0
9|190160|0.0
9|91052|0.0
9|286647|0.0
9|750277|0.0
9|554370|0.0
9|44043|0.0
9|296752|0.0
9|813529|0.0
9|361234|0.0
9|70503|0.0
9|676071|0.0
9|429975|0.0
9|292549|0.0
9|611241|0.0
9|778155|0.0
9|336545|0.0
9|293471|0.0
9|411701|0.0
9|553061|0.0
9|179676|0.0
9|345990|0.0
9|575517|0.0
9|630649|0.0
9|28749|0.0
9|259852|0.0
9|59115|0.0
9|769903|0.0
9|492093|0.0
9|646047|0.0
9|678549|0.0
9|137193|0.0
9|499599|0.0
9|453459|0.0
9|581626|0.0
9|494829|0.0
9|119042|0.0
9|33994|0.0
9|543301|0.0
9|536121|0.0
9|69238|0.0
9|833515|0.0
9|326228|0.0
9|823033|0.0
9|449293|0.0
9|632585|0.0
9|159268|0.0
9|13635|0.0
9|357699|0.0
9|141483|0.0
9|516421|0.0
9|64528|0.0
9|582133|0.0
9|632808|0.0
9|568066|0.0
10|494922|0.0
10|109585|0.0
10|227791|0.0
10|298733|0.0
10|103304|0.0
10|317369|0.0
10|91057|0.0
10|93164|0.0
10|326199|0.0
10|603126|0.0
10|259952|0.0
10|555558|0.0
10|512382|0.0
10|625253|0.0
10|303814|0.0
10|708957|0.0
10|320535|0.0
10|425697|0.0
10|793643|0.0
10|789666|0.0
10|678480|0.0
10|304734|0.0
10|406055|0.0
10|294308|0.0
10|185050|0.0
10|534395|0.0
10|628988|0.0
10|230941|0.0
10|696959|0.0
10|783069|0.0
10|781898|0.0
10|681087|0.0
10|651116|0.0
10|139484|0.0
10|800264|0.0
10|586994|0.0
10|631199|0.0
10|60420|0.0
10|263376|0.0
10|816672|0.0
10|101484|0.0
10|493016|0.0
10|525777|0.0
10|103029|0.0
10|24411|0.0
10|639767|0.0
10|440891|0.0
10|111291|0.0
10|603046|0.0
10|207272|0.0
10|386235|0.0
10|61749|0.0
10|243894|0.0
10|103304|0.0
10|317365|0.0
10|606990|0.0
10|638642|0.0
10|484649|0.0
10|10750|0.0
10|112905|0.0
10|560601|0.0
10|391650|0.0
10|441641|0.0
10|624265|0.0
10|712078|0.0
10|423024|0.0
10|163023|0.0
10|160706|0.0
10|108240|0.0
10|801248|0.0
10|775285|0.0
10|769824|0.0
10|235583|0.0
10|585194|0.0
10|635785|0.0
10|622757|0.0
10|157720|0.0
10|128072|0.0
10|67083|0.0
10|37664|0.0
10|404166|0.0
10|33481|0.0
10|650606|0.0
10|56211|0.0
10|473993|0.0
10|111740|0.0
10|834678|0.0
10|475206|0.0
10|171441|0.0
10|396302|0.0
10|253446|0.0
10|377813|0.0
10|156478|0.0
10|199011|0.0
10|697074|0.0
10|781679|0.0
10|522713|0.0
10|81935|0.0
10|780065|0.0
10|153510|0.0
11|332917|0.0
11|535229|0.0
11|449490|0.0
11|325211|0.0
11|317366|0.0
11|496655|0.0
11|63414|0.0
11|455517|0.0
11|324895|0.0
11|643754|0.0
11|708310|0.0
11|590167|0.0
11|816437|0.0
11|333668|0.0
11|690466|0.0
11|633801|0.0
11|755264|0.0
11|690044|0.0
11|670933|0.0
11|708462|0.0
11|625675|0.0
11|342312|0.0
11|651239|0.0
11|780818|0.0
11|564932|0.0
11|76765|0.0
11|438718|0.0
11|351322|0.0
11|519067|0.0
11|45086|0.0
11|322603|0.0
11|287586|0.0
11|164112|0.0
11|339156|0.0
11|53037|0.0
11|760136|0.0
11|664889|0.0
11|420613|0.0
11|308042|0.0
11|32045|0.0
11|268740|0.0
11|562552|0.0
11|48225|0.0
11|151521|0.0
11|119527|0.0
11|487755|0.0
11|817566|0.0
11|577546|0.0
11|48368|0.0
11|210436|0.0
11|61745|0.444711538462
11|534154|0.444711538462
11|217612|0.444711538462
11|57867|0.398461538462
11|108540|0.408591408591
11|30937|0.356164383562
11|28368|0.433198380567
11|573196|0.49187432286
11|288061|0.408026755853
11|105092|0.439696106363
11|477190|0.496703296703
11|89711|0.398461538462
11|416034|0.398461538462
11|487637|0.398461538462
11|742084|0.431794871795
11|333340|0.416666666667
11|710881|0.398461538462
11|394400|0.498916576381
11|300391|0.498916576381
11|527471|0.487179487179
11|541695|0.439696106363
11|261932|0.444711538462
11|522748|0.0
11|552073|0.487179487179
11|808040|0.0
11|701506|0.335820895522
11|351450|0.386904761905
11|209749|0.408591408591
11|221440|0.28125
11|332269|0.389534883721
11|734231|0.398461538462
11|109797|0.444711538462
11|810869|0.360655737705
11|456288|0.433198380567
11|827747|0.401475237092
11|277766|0.303921568627
11|342493|0.49187432286
11|704560|0.420743639922
11|750979|0.375
11|164347|0.439696106363
11|437660|0.433198380567
11|332109|0.398461538462
11|372999|0.444711538462
11|682377|0.398461538462
11|588930|0.444711538462
11|677452|0.311320754717
11|196355|0.398461538462
11|282223|0.398461538462
11|152514|0.398461538462
11|294313|0.487179487179
12|407669|0.0
12|231402|0.0
12|669239|0.0
12|360500|0.0
12|219826|0.0
12|743015|0.0
12|491744|0.0
12|171868|0.0
12|503600|0.0
12|140988|0.0
12|416727|0.0
12|809664|0.0
12|200452|0.0
12|81706|0.0
12|182120|0.0
12|93260|0.0
12|799744|0.0
12|730540|0.0
12|131261|0.0
12|696472|0.0
12|738540|0.0
12|484109|0.0
12|485172|0.0
12|812728|0.0
12|305284|0.0
12|799232|0.0
12|345925|0.0
12|602394|0.0
12|636054|0.0
12|522424|0.0
12|442169|0.0
12|573015|0.0
12|605944|0.0
12|93264|0.0
12|239318|0.0
12|384349|0.0
12|164761|0.0
12|728660|0.0
12|199120|0.0
12|598082|0.0
12|121432|0.0
12|741263|0.0
12|322230|0.0
12|813476|0.0
12|743709|0.0
12|243366|0.0
12|505727|0.0
12|531295|0.0
12|191601|0.0
12|234136|0.0
12|808752|0.0
12|363527|0.263888888889
12|289014|0.0
12|12926|0.0
12|32361|0.0
12|284689|0.0
12|53474|0.0
12|677585|0.0
12|691633|0.264705882353
12|43437|0.0
12|551154|0.264705882353
12|738147|0.0
12|186663|0.0
12|649072|0.0
12|331454|0.0
12|595947|0.264705882353
12|465730|0.0
12|76944|0.264705882353
12|677665|0.264705882353
12|151647|0.264705882353
12|28063|0.25
12|477340|0.0
12|354594|0.0
12|565865|0.0
12|287192|0.264705882353
12|253977|0.243243243243
12|705564|0.264705882353
12|667031|0.0
12|103055|0.0
12|571886|0.264705882353
12|759332|0.0
12|767965|0.0
12|806221|0.0
12|105620|0.227272727273
12|53745|0.0
12|421526|0.0
12|186376|0.25
12|450765|0.264705882353
12|420142|0.0
12|579392|0.0
12|225146|0.0
12|499380|0.0
12|27158|0.257142857143
12|728819|0.0
12|276227|0.25
12|129054|0.0
12|675791|0.0
12|829340|0.257575757576
12|537718|0.257575757576
12|756542|0.0
13|719201|0.0
13|309427|0.0
13|596925|0.0
13|726086|0.0
13|154843|0.0
13|469272|0.0
13|190782|0.0
13|176431|0.0
13|432993|0.0
13|799502|0.0
13|535137|0.0
13|249114|0.0
13|805274|0.0
13|13483|0.0
13|598196|0.0
13|648808|0.0
13|655035|0.0
13|16818|0.0
13|117644|0.0
13|117642|0.0
13|368220|0.0
13|446298|0.0
13|489336|0.0
13|308627|0.0
13|678026|0.0
13|330680|0.0
13|817208|0.0
13|44627|0.0
13|678583|0.0
13|677690|0.0
13|143337|0.0
13|442950|0.0
13|363398|0.0
13|398515|0.0
13|143449|0.0
13|406878|0.0
13|605587|0.0
13|558429|0.0
13|768317|0.0
13|550185|0.0
13|475972|0.0
13|389316|0.0
13|497171|0.0
13|751390|0.0
13|708647|0.0
13|511064|0.0
13|316179|0.0
13|634861|0.0
13|827057|0.0
13|432306|0.0
13|187720|0.0
13|215903|0.0
13|645125|0.0
13|578242|0.0
13|317890|0.0
13|182204|0.0
13|90679|0.307692307692
13|456781|0.0
13|444351|0.0
13|610326|0.0
13|726917|0.0
13|798729|0.301886792453
13|104458|0.301886792453
13|716865|0.301886792453
13|671457|0.0
13|285471|0.0
13|117134|0.0
13|494210|0.0
13|444383|0.0
13|823576|0.0
13|606305|0.0
13|124369|0.0
13|144319|0.0
13|665527|0.0
13|799006|0.0
13|360617|0.0
13|483571|0.0
13|452550|0.0
13|337214|0.0
13|73978|0.0
13|192401|0.0
13|248656|0.0444444444444
13|827664|0.0
13|793437|0.0
13|447282|0.0
13|643709|0.0
13|398758|0.0
13|716637|0.0
13|760846|0.0
13|528952|0.0
13|451349|0.0
13|591479|0.0
13|58121|0.0
13|801434|0.0444444444444
13|616468|0.0444444444444
13|206875|0.301886792453
13|668931|0.0
13|726164|0.0
13|66479|0.0
13|455536|0.0
14|598199|0.0
14|473602|0.0
14|523246|0.0
14|286648|0.0
14|746280|0.0
14|157853|0.0
14|79664|0.0
14|598191|0.0
14|482045|0.0
14|489422|0.0
14|706440|0.0
14|154624|0.0
14|31146|0.0
14|146993|0.0
14|30133|0.0
14|232190|0.0
14|537438|0.0
14|79369|0.0
14|233612|0.0
14|401588|0.0
14|785771|0.0
14|476918|0.0
14|145971|0.0
14|712787|0.0
14|197985|0.0
14|505613|0.0
14|508363|0.0
14|168590|0.0
14|429738|0.0
14|768312|0.0
14|613015|0.0
14|178004|0.0
14|44045|0.0
14|117208|0.0
14|113201|0.0
14|163026|0.0
14|497177|0.0
14|284016|0.0
14|162230|0.0
14|684105|0.0
14|380500|0.0
14|380501|0.0
14|506095|0.0
14|757034|0.0
14|387155|0.0
14|331635|0.0
14|534379|0.0
14|218916|0.0
14|682110|0.0
14|555551|0.0
14|440852|0.0
14|301064|0.0
14|174079|0.0
14|316499|0.0
14|430552|0.0
14|232774|0.0
14|768634|0.0
14|133644|0.0
14|160828|0.0
14|827474|0.0
14|13175|0.0
14|812971|0.0
14|82775|0.0
14|709422|0.0
14|785867|0.0
14|605728|0.0
14|366103|0.0
14|414068|0.0
14|497306|0.0
14|409374|0.0
14|226911|0.0
14|530432|0.0
14|175670|0.0
14|809458|0.0
14|51150|0.0
14|694928|0.0909090909091
14|15124|0.0
14|189567|0.0
14|156465|0.0
14|153365|0.0
14|450643|0.0
14|566496|0.0
14|561334|0.0
14|773862|0.0
14|426244|0.0
14|243804|0.0
14|815348|0.0
14|267480|0.0
14|524700|0.0
14|154592|0.0
14|413315|0.0
14|631746|0.0
14|830922|0.0
14|691047|0.0
14|143110|0.0
14|245722|0.0
14|604062|0.0
14|245004|0.0
14|228640|0.0
14|465420|0.0
15|396824|0.0
15|741779|0.0
15|761812|0.0
15|237773|0.0
15|491520|0.0
15|324927|0.0
15|395951|0.0
15|605585|0.0
15|534916|0.0
15|257514|0.0
15|480797|0.0
15|329770|0.0
15|438134|0.0
15|470364|0.0
15|141289|0.0
15|795625|0.0
15|98248|0.0
15|82532|0.0
15|461121|0.0
15|534155|0.0
15|27500|0.0
15|119765|0.0
15|226944|0.0
15|530383|0.0
15|314461|0.0
15|75575|0.0
15|489992|0.0
15|771029|0.0
15|65790|0.0
15|613879|0.0
15|70505|0.0
15|595153|0.0
15|561069|0.0
15|413959|0.0
15|495981|0.0
15|106937|0.0
15|755047|0.0
15|237375|0.0
15|670965|0.0
15|278691|0.0
15|337265|0.0
15|35038|0.0
15|16877|0.0
15|681598|0.0
15|584200|0.0
15|639626|0.0
15|546078|0.0
15|713311|0.0
15|480265|0.0
15|26099|0.0
15|169925|0.0
15|170910|0.0
15|23715|0.0
15|435509|0.0
15|29251|0.0
15|70925|0.0
15|491965|0.0
15|183705|0.0
15|317997|0.0
15|781032|0.0
15|239726|0.0
15|196677|0.0
15|595014|0.0
15|26380|0.0
15|36511|0.0
15|66139|0.0
15|128493|0.0
15|438137|0.0
15|729765|0.0
15|728318|0.0
15|177982|0.0
15|505471|0.0
15|462869|0.0
15|554098|0.0
15|326907|0.0
15|789268|0.0
15|439220|0.0
15|534155|0.0
15|325174|0.0
15|730926|0.0
15|209751|0.0
15|673953|0.0
15|781113|0.0
15|37402|0.0
15|574588|0.0
15|411993|0.0
15|530383|0.0
15|136996|0.0
15|684020|0.0
15|21069|0.0
15|429610|0.0
15|232950|0.0
15|712854|0.0
15|501598|0.0
15|819176|0.0
15|640938|0.0
15|450050|0.0
15|220482|0.0
15|570664|0.0
15|651338|0.0
16|394232|0.0
16|745196|0.0
16|517834|0.0
16|14974|0.0
16|60725|0.0
16|90736|0.0
16|391545|0.0
16|505712|0.0
16|200554|0.0
16|183303|0.0
16|82277|0.0
16|395739|0.0
16|249338|0.0
16|405236|0.0
16|465281|0.0
16|467110|0.0
16|476172|0.0
16|831619|0.0
16|501372|0.0
16|659982|0.0
16|135277|0.0
16|362074|0.0
16|117515|0.0
16|226055|0.0
16|398217|0.0
16|706005|0.0
16|801467|0.0
16|316270|0.0
16|468674|0.0
16|559920|0.0
16|553309|0.0
16|159808|0.0
16|32000|0.0
16|652201|0.0
16|705140|0.0
16|320130|0.0
16|408207|0.0
16|710618|0.0
16|194048|0.0
16|756765|0.0
16|180779|0.0
16|627551|0.0
16|298383|0.0
16|819475|0.0
16|225936|0.0
16|831094|0.0
16|81670|0.0
16|144397|0.0
16|660618|0.0
16|438593|0.0
16|687734|0.0
16|479540|0.0
16|673636|0.0
16|175328|0.0
16|435703|0.0
16|594306|0.0
16|156479|0.0
16|725382|0.0
16|211636|0.0
16|695145|0.0
16|449781|0.0
16|415985|0.0
16|68314|0.0
16|566261|0.0
16|773257|0.0
16|276460|0.0
16|637288|0.0
16|656749|0.0
16|95232|0.0
16|83050|0.0
16|149810|0.0
16|639609|0.0
16|75727|0.0
16|536396|0.0
16|444973|0.0
16|23633|0.0
16|250005|0.0
16|272006|0.0
16|825243|0.0
16|700962|0.0
16|657493|0.0
16|767945|0.0
16|800437|0.0
16|627599|0.0
16|607533|0.0
16|173537|0.0
16|285632|0.0
16|230779|0.0
16|170439|0.0
16|349734|0.0
16|301382|0.0
16|317529|0.0
16|534314|0.0
16|562719|0.0
16|749095|0.0
16|41267|0.0
16|569818|0.0
16|732456|0.0
16|765170|0.0
16|160098|0.0
17|780918|0.0
17|780912|0.0
17|828187|0.0
17|26566|0.0
17|150168|0.0
17|175978|0.0
17|670393|0.0
17|581166|0.0
17|109854|0.0
17|218093|0.0
17|619958|0.0
17|726087|0.0
17|170919|0.0
17|236903|0.0
17|123945|0.0
17|398737|0.0
17|803251|0.0
17|591283|0.0
17|250814|0.0
17|300040|0.0
17|510268|0.0
17|190787|0.0
17|152270|0.0
17|575551|0.0
17|681938|0.0
17|31760|0.0
17|550930|0.0
17|821430|0.0
17|392671|0.0
17|455653|0.0
17|596030|0.0
17|324704|0.0
17|770219|0.0
17|650934|0.0
17|264684|0.0
17|798092|0.0
17|327704|0.0
17|332919|0.0
17|535134|0.0
17|740153|0.0
17|452810|0.0
17|393869|0.0
17|783976|0.0
17|783977|0.0
17|467534|0.0
17|297441|0.0
17|781203|0.0
17|757771|0.0
17|529451|0.0
17|332493|0.0
17|492366|0.285714285714
17|707125|0.0
17|569855|0.0
17|577166|0.326666666667
17|240108|0.3
17|90677|0.245614035088
17|574547|0.301204819277
17|768154|0.175438596491
17|760513|0.0
17|479240|0.326666666667
17|515102|0.326666666667
17|610482|0.245454545455
17|145996|0.326666666667
17|821996|0.326666666667
17|651860|0.0
17|338743|0.326666666667
17|77388|0.326666666667
17|621703|0.0
17|687856|0.294520547945
17|266464|0.326666666667
17|194185|0.326666666667
17|486755|0.326666666667
17|707890|0.0
17|198694|0.0
17|378436|0.0
17|94882|0.0
17|299190|0.326666666667
17|680731|0.326666666667
17|174328|0.0957446808511
17|176080|0.0
17|209591|0.326666666667
17|187075|0.326666666667
17|342706|0.307142857143
17|251974|0.326666666667
17|401987|0.326666666667
17|442599|0.0
17|621415|0.326666666667
17|321614|0.0
17|342741|0.291111111111
17|363230|0.0
17|111367|0.0
17|258625|0.0
17|591153|0.291111111111
17|206371|0.122641509434
17|833796|0.0
17|620002|0.0
17|285401|0.0
17|532715|0.0
17|672781|0.0
17|611121|0.0
18|455655|0.403614457831
18|405017|0.415555555556
18|147840|0.414634146341
18|357112|0.410326086957
18|394232|0.0
18|14974|0.0
18|642204|0.390804597701
18|831619|0.0
18|713031|0.31067961165
18|801467|0.0
18|559920|0.0
18|553309|0.0
18|705140|0.0
18|811513|0.308411214953
18|134428|0.410326086957
18|81670|0.0
18|777891|0.348360655738
18|794649|0.0
18|174971|0.0
18|246717|0.33185840708
18|34711|0.0
18|213216|0.33185840708
18|695011|0.368613138686
18|18158|0.0
18|113038|0.294444444444
18|30792|0.399441340782
18|731780|0.344660194175
18|710308|0.29012345679
18|82264|0.0
18|138105|0.0
18|575204|0.0
18|271584|0.410326086957
18|168645|0.0
18|411589|0.0
18|199086|0.368613138686
18|556279|0.294117647059
18|165966|0.395705521472
18|625582|0.0
18|362671|0.343434343434
18|325906|0.0
18|359987|0.0
18|414931|0.0
18|550557|0.409836065574
18|481831|0.0
18|834354|0.40782122905
18|697136|0.390804597701
18|359829|0.0
18|696762|0.414342629482
18|215943|0.414634146341
18|261740|0.410326086957
18|802871|0.0
18|269678|0.0
18|455654|0.0
18|630727|0.0
18|634320|0.0
18|550186|0.0
18|315714|0.0
18|693214|0.0
18|688784|0.0
18|177783|0.0
18|284492|0.0
18|640818|0.0
18|594820|0.0
18|732932|0.0
18|775345|0.0
18|777677|0.0
18|771746|0.0
18|741337|0.0
18|583901|0.0
18|192475|0.0
18|78180|0.0
18|413478|0.0
18|260259|0.0
18|131670|0.0
18|813889|0.0
18|57049|0.0
18|321571|0.0
18|528899|0.0
18|490448|0.0
18|582331|0.0
18|446091|0.0
18|398717|0.0
18|510245|0.0
18|599298|0.0
18|73901|0.0
18|613039|0.0
18|568704|0.0
18|113224|0.0
18|290313|0.0
18|728370|0.0
18|45855|0.0
18|581608|0.0
18|526502|0.0
18|431229|0.0
18|476812|0.0
18|416266|0.0
18|721128|0.0
18|38245|0.0
18|620651|0.0
18|395731|0.0
19|168084|0.0
19|750456|0.0
19|478850|0.0
19|24238|0.0
19|227799|0.0
19|150745|0.0
19|317998|0.0
19|521133|0.0
19|575997|0.0
19|493577|0.0
19|772666|0.0
19|762669|0.0
19|298234|0.0
19|289054|0.0
19|804833|0.0
19|25259|0.0
19|343261|0.0
19|198140|0.0
19|563235|0.0
19|815636|0.0
19|119222|0.0
19|380625|0.0
19|769446|0.0
19|706067|0.0
19|464945|0.0
19|430675|0.0
19|650177|0.0
19|770858|0.0
19|110150|0.0
19|561500|0.0
19|127350|0.0
19|307535|0.0
19|358143|0.0
19|204312|0.0
19|213110|0.0
19|489994|0.0
19|84505|0.0
19|612255|0.0
19|368757|0.0
19|122459|0.0
19|673988|0.0
19|132116|0.0
19|719004|0.0
19|346184|0.0
19|785155|0.0
19|495986|0.0
19|395350|0.0
19|456088|0.0
19|466493|0.0
19|248776|0.0
19|338161|0.25
19|692537|0.25
19|724287|0.25
19|446293|0.25
19|788064|0.25
19|788063|0.25
19|22667|0.25
19|459730|0.25
19|445986|0.25
19|74352|0.25
19|368129|0.1875
19|429132|0.25
19|487798|0.25
19|243950|0.25
19|32702|0.25
19|36079|0.25
19|790641|0.25
19|698173|0.25
19|580654|0.25
19|788718|0.25
19|89532|0.25
19|769704|0.25
19|601034|0.25
19|28428|0.25
19|434596|0.25
19|95539|0.25
19|262180|0.25
19|196612|0.25
19|713373|0.25
19|491725|0.25
19|63932|0.25
19|351145|0.25
19|266647|0.25
19|612234|0.25
19|68832|0.25
19|632035|0.25
19|799314|0.25
19|307670|0.25
19|57743|0.25
19|806958|0.25
19|502530|0.25
19|669653|0.25
19|510763|0.25
19|165111|0.0
19|297050|0.25
19|590720|0.191176470588
19|593037|0.193069306931
19|513939|0.193069306931
19|279216|0.191176470588
19|673022|0.191176470588
20|799509|0.0
20|145059|0.0
20|287493|0.0
20|707206|0.0
20|254089|0.0
20|79502|0.0
20|108465|0.0
20|10754|0.0
20|457709|0.0
20|481014|0.0
20|348542|0.0
20|231400|0.0
20|329773|0.0
20|800399|0.0
20|677235|0.0
20|498964|0.0
20|594829|0.0
20|89299|0.0
20|236806|0.0
20|200631|0.0
20|609233|0.0
20|823265|0.0
20|396204|0.0
20|443782|0.0
20|596089|0.0
20|373033|0.0
20|161435|0.0
20|502238|0.0
20|604640|0.0
20|63918|0.0
20|243933|0.0
20|490714|0.0
20|349472|0.0
20|32924|0.0
20|30495|0.0
20|161655|0.0
20|135010|0.0
20|720816|0.0
20|499722|0.0
20|80106|0.0
20|52303|0.0
20|55398|0.0
20|236165|0.0
20|152789|0.0
20|259591|0.0
20|229167|0.0
20|243039|0.0
20|771390|0.0
20|207831|0.0
20|306266|0.0
20|494923|0.205128205128
20|735273|0.0
20|71538|0.205128205128
20|123188|0.205128205128
20|421251|0.205128205128
20|660269|0.205128205128
20|20677|0.205128205128
20|303464|0.205128205128
20|479027|0.205128205128
20|75394|0.205128205128
20|738833|0.205128205128
20|580283|0.205128205128
20|149046|0.205128205128
20|26581|0.205128205128
20|477895|0.205128205128
20|86511|0.0
20|769369|0.174418604651
20|513771|0.174418604651
20|654311|0.0
20|506863|0.174418604651
20|275812|0.0
20|152288|0.0
20|718155|0.174418604651
20|798222|0.202127659574
20|117714|0.0
20|683355|0.0
20|415798|0.174418604651
20|424428|0.174418604651
20|536444|0.174418604651
20|653436|0.174418604651
20|374948|0.0
20|504475|0.174418604651
20|345769|0.0
20|226732|0.174418604651
20|184705|0.174418604651
20|112939|0.0
20|381844|0.0
20|754912|0.174418604651
20|785261|0.0
20|433261|0.0
20|330277|0.0
20|765426|0.174418604651
20|600179|0.0
20|308855|0.0
20|610474|0.174418604651
20|536559|0.0
20|526676|0.0
20|697015|0.174418604651
20|387520|0.174418604651
20|803050|0.0
21|339733|0.0
21|192591|0.0
21|645797|0.0
21|251900|0.0
21|574201|0.0
21|168414|0.0
21|225211|0.0
21|61646|0.0
21|109697|0.0
21|81363|0.0
21|444886|0.0
21|478509|0.0
21|679639|0.0
21|612186|0.0
21|116361|0.0
21|59427|0.0
21|22035|0.0
21|227995|0.0
21|613523|0.0
21|825195|0.0
21|686204|0.0
21|644462|0.0
21|344391|0.0
21|639038|0.0
21|27434|0.0
21|252177|0.0
21|266994|0.0
21|136965|0.0
21|102652|0.0
21|531333|0.0
21|140336|0.0
21|95364|0.0
21|112322|0.0
21|318496|0.0
21|234010|0.0
21|492901|0.0
21|348753|0.0
21|438543|0.0
21|746976|0.0
21|484578|0.0
21|660611|0.0
21|568698|0.0
21|334655|0.0
21|656011|0.0
21|486847|0.0
21|799910|0.0
21|392815|0.0
21|661372|0.0
21|301797|0.0
21|540668|0.0
21|684104|0.403448275862
21|323526|0.403448275862
21|635473|0.403448275862
21|100400|0.037037037037
21|25711|0.375
21|204482|0.387755102041
21|680900|0.403448275862
21|723776|0.399305555556
21|252372|0.331730769231
21|538438|0.403448275862
21|764334|0.403448275862
21|364576|0.369565217391
21|528130|0.403448275862
21|25693|0.403448275862
21|491840|0.403448275862
21|711818|0.402597402597
21|419828|0.337209302326
21|252739|0.403448275862
21|621680|0.403448275862
21|712192|0.403448275862
21|377803|0.399305555556
21|95706|0.403448275862
21|557118|0.354545454545
21|176518|0.403448275862
21|379959|0.403448275862
21|138849|0.403448275862
21|48374|0.403448275862
21|626367|0.403448275862
21|348737|0.399305555556
21|761353|0.403448275862
21|157130|0.399305555556
21|261063|0.403448275862
21|77925|0.403448275862
21|756793|0.399305555556
21|293965|0.403448275862
21|375536|0.403448275862
21|339333|0.403448275862
21|752210|0.403448275862
21|398188|0.337209302326
21|531531|0.403448275862
21|341810|0.403448275862
21|283953|0.404255319149
21|364529|0.403448275862
21|114290|0.403448275862
21|612264|0.403448275862
21|554770|0.0
21|820561|0.0
21|695460|0.337209302326
21|570648|0.377551020408
21|189555|0.0
22|554371|0.0
22|28407|0.0
22|376116|0.0
22|147478|0.0
22|482049|0.0
22|452683|0.0
22|525638|0.0
22|681930|0.0
22|824009|0.0
22|712915|0.0
22|786369|0.0
22|278240|0.0
22|265382|0.0
22|276853|0.0
22|45210|0.0
22|257511|0.0
22|62643|0.0
22|701259|0.0
22|517155|0.0
22|119106|0.0
22|311474|0.0
22|516653|0.0
22|504262|0.0
22|299024|0.0
22|16516|0.0
22|630548|0.0
22|505476|0.0
22|31980|0.0
22|795620|0.0
22|129872|0.0
22|72591|0.0
22|445987|0.0
22|105713|0.0
22|664552|0.0
22|820366|0.0
22|240547|0.0
22|527268|0.0
22|102744|0.0
22|418035|0.0
22|635784|0.0
22|183407|0.0
22|243778|0.0
22|243771|0.0
22|660843|0.0
22|194455|0.0
22|277161|0.0
22|521610|0.0
22|449664|0.0
22|405775|0.0
22|246704|0.0
22|585073|0.0
22|518244|0.0
22|20893|0.0
22|232977|0.0
22|549818|0.0
22|609256|0.0
22|657322|0.0
22|145419|0.0
22|62925|0.0
22|272748|0.0
22|475627|0.0
22|683459|0.0
22|812728|0.0
22|817834|0.0
22|364512|0.0
22|449131|0.0
22|408893|0.0
22|265260|0.0
22|73126|0.0
22|42999|0.0
22|576031|0.0
22|221020|0.0
22|563749|0.0
22|612069|0.0
22|543151|0.0
22|422939|0.0
22|71142|0.0
22|438807|0.0
22|116526|0.0
22|132626|0.0
22|520077|0.0
22|212251|0.0
22|526079|0.0
22|503539|0.0
22|542157|0.0
22|511439|0.0
22|733381|0.0
22|267560|0.0
22|753610|0.0
22|365493|0.0
22|112425|0.0
22|197310|0.0
22|599255|0.0
22|402020|0.0
22|649867|0.0
22|643334|0.0
22|715404|0.0
22|637118|0.0
22|57346|0.0
22|679306|0.0
23|780918|0.0
23|780912|0.0
23|828187|0.0
23|26566|0.0
23|150168|0.0
23|175978|0.0
23|670393|0.0
23|581166|0.0
23|109854|0.0
23|218093|0.0
23|619958|0.0
23|726087|0.0
23|170919|0.0
23|236903|0.0
23|123945|0.0
23|398737|0.0
23|803251|0.0
23|591283|0.0
23|250814|0.0
23|300040|0.0
23|510268|0.0
23|190787|0.0
23|152270|0.0
23|575551|0.0
23|681938|0.0
23|31760|0.0
23|550930|0.0
23|821430|0.0
23|392671|0.0
23|455653|0.0
23|596030|0.0
23|324704|0.0
23|770219|0.0
23|650934|0.0
23|264684|0.0
23|798092|0.0
23|327704|0.0
23|332919|0.0
23|535134|0.0
23|740153|0.0
23|452810|0.0
23|393869|0.0
23|783976|0.0
23|783977|0.0
23|467534|0.0
23|297441|0.0
23|781203|0.0
23|757771|0.0
23|529451|0.0
23|332493|0.0
23|14688|0.427083333333
23|130241|0.439068100358
23|478083|0.427083333333
23|752354|0.439068100358
23|425909|0.439068100358
23|680115|0.439068100358
23|101487|0.427083333333
23|80803|0.439068100358
23|638345|0.439068100358
23|174036|0.436482084691
23|737365|0.439068100358
23|472632|0.439068100358
23|623919|0.427083333333
23|221574|0.439068100358
23|386218|0.439068100358
23|186607|0.439068100358
23|517437|0.427083333333
23|297758|0.439068100358
23|263964|0.427083333333
23|578376|0.439068100358
23|20223|0.430604982206
23|791310|0.439068100358
23|768500|0.439068100358
23|161447|0.430194805195
23|783257|0.439068100358
23|698101|0.439068100358
23|455462|0.427083333333
23|563542|0.439068100358
23|560090|0.421602787456
23|589755|0.388888888889
23|494170|0.439068100358
23|73049|0.439068100358
23|368716|0.439068100358
23|48112|0.427083333333
23|826080|0.427083333333
23|370919|0.439068100358
23|324231|0.427083333333
23|523378|0.427083333333
23|229712|0.427083333333
23|482608|0.439068100358
23|831008|0.439068100358
23|11834|0.430604982206
23|532965|0.427083333333
23|655435|0.427083333333
23|109502|0.427083333333
23|178415|0.427083333333
23|671397|0.43838028169
23|192784|0.427083333333
23|344592|0.419413919414
23|133320|0.427083333333
24|83634|0.0
24|168955|0.0
24|249117|0.0
24|441462|0.0
24|64735|0.0
24|816453|0.0
24|441987|0.0
24|487123|0.0
24|115334|0.0
24|325214|0.0
24|118799|0.0
24|166067|0.0
24|248090|0.0
24|345751|0.0
24|825128|0.0
24|404623|0.0
24|255708|0.0
24|10758|0.0
24|65647|0.0
24|179311|0.0
24|114123|0.0
24|690069|0.0
24|276852|0.0
24|774651|0.0
24|324264|0.0
24|311473|0.0
24|827050|0.0
24|573449|0.0
24|338807|0.0
24|118943|0.0
24|789402|0.0
24|624958|0.0
24|71740|0.0
24|831871|0.0
24|311706|0.0
24|23672|0.0
24|798176|0.0
24|161438|0.0
24|290598|0.0
24|635788|0.0
24|325334|0.0
24|599597|0.0
24|616726|0.0
24|531699|0.0
24|199178|0.0
24|773231|0.0
24|695444|0.0
24|233732|0.0
24|686488|0.0
24|561506|0.0
24|244017|0.416666666667
24|131671|0.25
24|826388|0.3875
24|805981|0.4
24|562050|0.25
24|436397|0.392857142857
24|243257|0.401639344262
24|58959|0.411764705882
24|242979|0.416666666667
24|200453|0.416666666667
24|32002|0.406417112299
24|376484|0.392857142857
24|624280|0.235714285714
24|152629|0.4
24|736883|0.396946564885
24|485060|0.0
24|197946|0.25
24|103252|0.392857142857
24|430162|0.235714285714
24|806159|0.415730337079
24|582926|0.416666666667
24|298880|0.235714285714
24|768507|0.25
24|817782|0.3875
24|683235|0.414285714286
24|274599|0.40625
24|677008|0.235714285714
24|828587|0.40350877193
24|768492|0.344537815126
24|740542|0.396946564885
24|509721|0.414110429448
24|62090|0.235714285714
24|321675|0.415730337079
24|700121|0.0
24|72208|0.0
24|784621|0.25
24|145122|0.401639344262
24|21529|0.235714285714
24|592972|0.0
24|76935|0.415730337079
24|51957|0.415730337079
24|710495|0.407185628743
24|642699|0.392857142857
24|749059|0.40350877193
24|517369|0.4
24|663810|0.4
24|352318|0.235714285714
24|298754|0.362831858407
24|456358|0.25
24|829707|0.40350877193
25|233031|0.0
25|683151|0.0
25|172838|0.0
25|478851|0.0
25|293841|0.0
25|535894|0.0
25|753196|0.0
25|191524|0.0
25|441641|0.0
25|97561|0.0
25|748076|0.0
25|451571|0.0
25|492543|0.0
25|220864|0.0
25|716107|0.0
25|141282|0.0
25|266982|0.0
25|622179|0.0
25|54671|0.0
25|138890|0.0
25|207912|0.0
25|144100|0.0
25|525895|0.0
25|266011|0.0
25|480175|0.0
25|825054|0.0
25|770658|0.0
25|281713|0.0
25|660260|0.0
25|358142|0.0
25|606452|0.0
25|499729|0.0
25|637633|0.0
25|613872|0.0
25|198976|0.0
25|650602|0.0
25|330294|0.0
25|450058|0.0
25|833791|0.0
25|339436|0.0
25|102245|0.0
25|300240|0.0
25|782273|0.0
25|464365|0.0
25|669107|0.0
25|737422|0.0
25|253567|0.0
25|649883|0.0
25|110479|0.0
25|502578|0.0
25|146991|0.0
25|232195|0.0
25|689446|0.0
25|789998|0.0
25|228770|0.0
25|124534|0.0
25|730127|0.0
25|487695|0.0
25|401437|0.0
25|65219|0.0
25|301024|0.0
25|593439|0.0
25|494649|0.0
25|143507|0.0
25|375624|0.0
25|776656|0.0
25|686323|0.0
25|412087|0.0
25|318381|0.0
25|798434|0.0
25|365818|0.0
25|752269|0.0
25|736638|0.0
25|507062|0.0
25|488210|0.0
25|693591|0.0
25|112370|0.0
25|618669|0.0
25|746340|0.0
25|815557|0.0
25|648550|0.0
25|686883|0.0
25|275986|0.0
25|770191|0.0
25|702442|0.0
25|339786|0.0
25|701095|0.0
25|241669|0.0
25|378994|0.0
25|386096|0.0
25|154435|0.0
25|680419|0.0
25|447777|0.0
25|132734|0.0
25|320892|0.0
25|708383|0.0
25|738120|0.0
25|746181|0.0
25|51799|0.0
25|576310|0.0
26|89374|0.0
26|545967|0.0
26|554370|0.0
26|163509|0.0
26|163508|0.0
26|828184|0.0
26|532443|0.0
26|257657|0.0
26|89584|0.0
26|609989|0.0
26|773134|0.0
26|386846|0.0
26|802874|0.0
26|398084|0.0
26|259471|0.0
26|233036|0.0
26|157242|0.0
26|109851|0.0
26|755062|0.0
26|463001|0.0
26|353264|0.0
26|38561|0.0
26|38563|0.0
26|320298|0.0
26|320290|0.0
26|123943|0.0
26|83636|0.0
26|693717|0.0
26|451991|0.0
26|214375|0.0
26|300046|0.0
26|300045|0.0
26|469992|0.0
26|566953|0.0
26|566951|0.0
26|566956|0.0
26|540513|0.0
26|23712|0.0
26|803372|0.0
26|368969|0.0
26|368966|0.0
26|694517|0.0
26|420718|0.0
26|511829|0.0
26|342835|0.0
26|170490|0.0
26|821435|0.0
26|140464|0.0
26|392670|0.0
26|596034|0.0
26|589623|0.0
26|811595|0.0
26|761977|0.0
26|638520|0.0
26|64110|0.0
26|112256|0.0
26|737884|0.0
26|642201|0.0
26|218171|0.0
26|95435|0.0
26|176644|0.0
26|134001|0.0
26|370767|0.0
26|203366|0.0
26|716250|0.0
26|777428|0.0
26|428412|0.0
26|799455|0.0
26|750640|0.0
26|254803|0.0
26|760937|0.0
26|158984|0.0
26|187598|0.0
26|414524|0.0
26|189136|0.0
26|145210|0.0
26|486032|0.0
26|356004|0.0
26|680928|0.0
26|732258|0.0
26|278887|0.0
26|657260|0.0
26|660742|0.0
26|588765|0.0
26|215425|0.0
26|262521|0.0
26|37203|0.0
26|38923|0.0
26|257958|0.0
26|451770|0.0
26|641829|0.0
26|557122|0.0
26|746209|0.0
26|78686|0.0
26|717624|0.0
26|631138|0.0
26|239412|0.0
26|605623|0.0
26|60058|0.0
26|480403|0.0
27|342830|0.0
27|150735|0.0
27|783979|0.0
27|683152|0.0
27|478853|0.0
27|563116|0.0
27|490472|0.0
27|758890|0.0
27|799791|0.0
27|689541|0.0
27|760070|0.0
27|459510|0.0
27|88202|0.0
27|10751|0.0
27|755822|0.0
27|316171|0.0
27|735651|0.0
27|520766|0.0
27|122852|0.0
27|503850|0.0
27|401472|0.0
27|72590|0.0
27|570493|0.0
27|654178|0.0
27|329552|0.0
27|223126|0.0
27|208468|0.0
27|161431|0.0
27|275183|0.0
27|710692|0.0
27|678487|0.0
27|649988|0.0
27|689199|0.0
27|412661|0.0
27|294671|0.0
27|363124|0.0
27|237112|0.0
27|672606|0.0
27|125193|0.0
27|701734|0.0
27|528546|0.0
27|220924|0.0
27|184469|0.0
27|590030|0.0
27|379129|0.0
27|585819|0.0
27|671885|0.0
27|343464|0.0
27|752624|0.0
27|507289|0.0
27|585073|0.0
27|518244|0.0
27|20893|0.0
27|659370|0.0
27|160429|0.0
27|750555|0.0
27|232977|0.0
27|282655|0.0
27|24314|0.0
27|549818|0.0
27|672593|0.0
27|39838|0.0
27|609256|0.0
27|657322|0.0
27|145419|0.0
27|74035|0.0
27|48349|0.0
27|59588|0.0
27|652206|0.0
27|62925|0.0
27|272748|0.0
27|475627|0.0
27|683459|0.0
27|812728|0.0
27|817834|0.0
27|732661|0.0
27|273271|0.0
27|364512|0.0
27|449131|0.0
27|408893|0.0
27|265260|0.0
27|73126|0.0
27|42999|0.0
27|576031|0.0
27|221020|0.0
27|752016|0.0
27|472482|0.0
27|563749|0.0
27|612069|0.0
27|543151|0.0
27|486432|0.0
27|422939|0.0
27|71142|0.0
27|350005|0.0
27|438807|0.0
27|116526|0.0
27|132626|0.0
27|520077|0.0
27|153717|0.0
27|212251|0.0
28|513051|0.0
28|105630|0.0
28|386842|0.0
28|596920|0.0
28|619959|0.0
28|213181|0.0
28|510266|0.0
28|533213|0.0
28|523240|0.0
28|170492|0.0
28|324702|0.0
28|543141|0.0
28|477874|0.0
28|578120|0.0
28|277427|0.0
28|314581|0.0
28|747504|0.0
28|614082|0.0
28|635683|0.0
28|655033|0.0
28|649203|0.0
28|224388|0.0
28|703602|0.0
28|184863|0.0
28|178675|0.0
28|622638|0.0
28|626131|0.0
28|380766|0.0
28|448316|0.0
28|814163|0.0
28|406198|0.0
28|87506|0.0
28|44623|0.0
28|497756|0.0
28|772722|0.0
28|264752|0.0
28|753985|0.0
28|769007|0.0
28|400530|0.0
28|786367|0.0
28|786360|0.0
28|475008|0.0
28|477961|0.0
28|477960|0.0
28|676922|0.0
28|256422|0.0
28|190160|0.0
28|91052|0.0
28|286647|0.0
28|750277|0.0
28|135757|0.0
28|719108|0.0
28|703707|0.0
28|633141|0.0
28|699206|0.0
28|338362|0.0
28|139125|0.0
28|199777|0.0
28|742605|0.0
28|520184|0.0
28|760718|0.0
28|276441|0.0
28|470443|0.0
28|101326|0.0
28|739026|0.0
28|502511|0.0
28|688355|0.0
28|233384|0.0
28|411914|0.0
28|376678|0.0
28|82610|0.0
28|821369|0.0
28|728485|0.0
28|208873|0.0
28|367002|0.0
28|592608|0.0
28|209653|0.0
28|203007|0.0
28|758933|0.0
28|267530|0.0
28|474885|0.0
28|304569|0.0
28|216383|0.0
28|415930|0.0
28|504077|0.0
28|550221|0.0
28|262187|0.0
28|831527|0.0
28|77956|0.0
28|360139|0.0
28|579980|0.0
28|677166|0.0
28|452233|0.0
28|660392|0.0
28|538075|0.0
28|204200|0.0
28|715332|0.0
28|147092|0.0
28|818585|0.0
28|621198|0.0
29|447111|0.0
29|802116|0.0
29|79365|0.0
29|613017|0.0
29|359166|0.0
29|689660|0.0
29|38426|0.0
29|353274|0.0
29|626614|0.0
29|630046|0.0
29|632862|0.0
29|378879|0.0
29|673539|0.0
29|714910|0.0
29|562076|0.0
29|709240|0.0
29|57763|0.0
29|101381|0.0
29|510869|0.0
29|686368|0.0
29|391672|0.0
29|392962|0.0
29|391092|0.0
29|467312|0.0
29|694099|0.0
29|496929|0.0
29|398750|0.0
29|366209|0.0
29|323242|0.0
29|127514|0.0
29|827715|0.0
29|482799|0.0
29|114028|0.0
29|101915|0.0
29|98935|0.0
29|76626|0.0
29|683113|0.0
29|268869|0.0
29|528066|0.0
29|536390|0.0
29|181606|0.0
29|351161|0.0
29|567676|0.0
29|492296|0.0
29|643793|0.0
29|789547|0.0
29|490291|0.0
29|354310|0.0
29|626738|0.0
29|79295|0.0
29|831485|0.0
29|298232|0.0
29|510322|0.0
29|15718|0.0
29|519987|0.0
29|526549|0.0
29|71317|0.0
29|513038|0.0
29|9381|0.0
29|43250|0.0
29|116258|0.0
29|80120|0.0
29|48993|0.0
29|495004|0.0
29|167394|0.0
29|593293|0.0
29|40277|0.0
29|549865|0.0
29|307822|0.0
29|366113|0.0
29|549794|0.0
29|404469|0.0
29|536940|0.0
29|374388|0.0
29|223244|0.0
29|810811|0.0
29|245322|0.0
29|342675|0.0
29|245516|0.0
29|787013|0.0
29|664222|0.0
29|111940|0.0
29|232855|0.0
29|269535|0.0
29|697428|0.0
29|547412|0.0
29|730407|0.0
29|480528|0.0
29|817879|0.0
29|512860|0.0
29|194740|0.0
29|719479|0.0
29|643449|0.0
29|652752|0.0
29|539222|0.0
29|495590|0.0
29|788876|0.0
29|182369|0.0
29|385041|0.0
29|555202|0.0
30|522234|0.463620981387
30|826384|0.463620981387
30|581606|0.0
30|714470|0.0
30|252650|0.463620981387
30|795834|0.463620981387
30|671767|0.463620981387
30|20732|0.0
30|792340|0.463620981387
30|10176|0.0
30|674521|0.0
30|29187|0.463620981387
30|778411|0.334532374101
30|238668|0.463620981387
30|344170|0.463620981387
30|569190|0.0
30|655627|0.463620981387
30|65472|0.0
30|322131|0.46286701209
30|296053|0.463620981387
30|704558|0.463620981387
30|583224|0.463620981387
30|493098|0.46286701209
30|442662|0.0
30|764512|0.463620981387
30|695485|0.0
30|262249|0.463620981387
30|394609|0.463620981387
30|303623|0.463620981387
30|771258|0.451058201058
30|617609|0.0
30|209379|0.46286701209
30|704947|0.463620981387
30|720007|0.463620981387
30|381539|0.463620981387
30|404544|0.0
30|59843|0.0
30|261548|0.46286701209
30|738711|0.0
30|212251|0.0
30|61994|0.0
30|780307|0.0
30|483531|0.0
30|425148|0.0
30|548760|0.0
30|715404|0.0
30|554134|0.46286701209
30|497484|0.0
30|193866|0.0
30|286526|0.46286701209
30|744557|0.451807228916
30|746577|0.448051948052
30|251787|0.448051948052
30|92399|0.451807228916
30|136977|0.451807228916
30|239914|0.44375
30|497577|0.444620253165
30|212466|0.0
30|761589|0.451807228916
30|99852|0.44375
30|25174|0.44375
30|516178|0.422885572139
30|238641|0.451807228916
30|537091|0.448051948052
30|143326|0.0
30|616215|0.451807228916
30|763783|0.451807228916
30|761020|0.451807228916
30|719337|0.451807228916
30|214462|0.0
30|629218|0.0
30|463589|0.0
30|831167|0.0
30|313439|0.0
30|441476|0.451807228916
30|782709|0.451807228916
30|71043|0.451807228916
30|124448|0.451807228916
30|34588|0.451807228916
30|280367|0.451807228916
30|30160|0.0
30|660558|0.449180327869
30|301831|0.448051948052
30|439314|0.0
30|680096|0.0
30|227291|0.429078014184
30|209109|0.324451410658
30|187509|0.0
30|115167|0.448051948052
30|683614|0.448275862069
30|738070|0.0
30|231395|0.447784810127
30|178610|0.45015576324
30|641623|0.448553054662
30|542878|0.448051948052
30|349061|0.447452229299
30|83198|0.362470862471
30|250839|0.448051948052
30|705556|0.448051948052
30|481038|0.442675159236
31|26560|0.0
31|140574|0.0
31|596035|0.0
31|145058|0.0
31|672193|0.0
31|447110|0.0
31|281072|0.0
31|748251|0.0
31|507952|0.0
31|93741|0.0
31|446294|0.0
31|289611|0.0
31|678023|0.0
31|781039|0.0
31|516077|0.0
31|792382|0.0
31|228792|0.0
31|673019|0.0
31|145977|0.0
31|466321|0.0
31|623714|0.0
31|338342|0.0
31|32080|0.0
31|782310|0.0
31|272324|0.0
31|481015|0.0
31|335436|0.0
31|423022|0.0
31|819955|0.0
31|762121|0.0
31|214621|0.0
31|715552|0.0
31|641108|0.0
31|831483|0.0
31|263878|0.0
31|289434|0.0
31|716736|0.0
31|84409|0.0
31|547692|0.0
31|705766|0.0
31|631394|0.0
31|214358|0.0
31|48896|0.0
31|555554|0.0
31|289252|0.0
31|98701|0.0
31|90856|0.0
31|644411|0.0
31|556434|0.0
31|425745|0.0
31|222068|0.308712121212
31|614824|0.308712121212
31|680966|0.308712121212
31|475993|0.0
31|498783|0.308712121212
31|356827|0.308712121212
31|320807|0.308712121212
31|798544|0.308712121212
31|215239|0.308712121212
31|541825|0.308712121212
31|573394|0.232456140351
31|515123|0.308712121212
31|626753|0.228070175439
31|826778|0.308712121212
31|766878|0.228070175439
31|367026|0.228070175439
31|604464|0.308712121212
31|464017|0.308712121212
31|25874|0.308712121212
31|551749|0.308712121212
31|289962|0.308712121212
31|119966|0.308712121212
31|435352|0.308712121212
31|743842|0.308712121212
31|758302|0.308712121212
31|753588|0.308712121212
31|746397|0.277272727273
31|14153|0.308712121212
31|752014|0.308712121212
31|581177|0.308712121212
31|805171|0.308712121212
31|585709|0.308712121212
31|242024|0.308712121212
31|507131|0.308712121212
31|18813|0.0
31|550170|0.308712121212
31|273049|0.308712121212
31|388207|0.308712121212
31|247390|0.308712121212
31|463383|0.308712121212
31|501568|0.308712121212
31|366843|0.308712121212
31|53992|0.308712121212
31|206551|0.226086956522
31|249505|0.0
31|772415|0.1875
31|455018|0.278985507246
31|775461|0.219827586207
31|126864|0.298863636364
31|415644|0.219827586207
