3001|475003|0.368852459016
3001|148490|0.0
3001|597121|0.166666666667
3001|618899|0.381818181818
3001|606785|0.38679245283
3001|430315|0.277777777778
3001|625199|0.166666666667
3001|758555|0.38679245283
3001|13198|0.38679245283
3001|659617|0.381818181818
3001|774992|0.38679245283
3001|592464|0.38679245283
3001|521733|0.38679245283
3001|338023|0.38679245283
3001|114604|0.166666666667
3001|216687|0.277777777778
3001|170418|0.166666666667
3001|475522|0.166666666667
3001|773962|0.38679245283
3001|435801|0.368852459016
3001|506048|0.381818181818
3001|608730|0.38679245283
3001|352023|0.38679245283
3001|630277|0.0
3001|362811|0.38679245283
3001|449978|0.38679245283
3001|472913|0.166666666667
3001|19585|0.381818181818
3001|406579|0.277777777778
3001|621496|0.38679245283
3001|563535|0.381818181818
3001|423161|0.277777777778
3001|411374|0.362903225806
3001|258407|0.38679245283
3001|744302|0.166666666667
3001|136151|0.368852459016
3001|272256|0.381818181818
3001|36060|0.381818181818
3001|413265|0.0
3001|277298|0.381818181818
3001|548933|0.368852459016
3001|637083|0.368852459016
3001|336707|0.166666666667
3001|274614|0.368852459016
3001|678417|0.381818181818
3001|552345|0.166666666667
3001|362696|0.368852459016
3001|369820|0.381818181818
3001|563038|0.368852459016
3001|482921|0.0
3001|89376|0.0
3001|157242|0.0
3001|162579|0.0
3001|510267|0.0
3001|523240|0.0
3001|392672|0.0
3001|455651|0.0
3001|294279|0.0
3001|740158|0.0
3001|161711|0.0
3001|174414|0.0
3001|298732|0.0
3001|150741|0.0
3001|706448|0.0
3001|187663|0.0
3001|758519|0.0
3001|294675|0.0
3001|258663|0.0
3001|338563|0.0
3001|587453|0.0
3001|532796|0.0
3001|737008|0.0
3001|129037|0.0
3001|724211|0.0
3001|121303|0.0
3001|519562|0.0
3001|677951|0.0
3001|677952|0.0
3001|274568|0.0
3001|185115|0.0
3001|73658|0.0
3001|390402|0.0
3001|238821|0.0
3001|828505|0.0
3001|72957|0.0
3001|72952|0.0
3001|654434|0.0
3001|782907|0.0
3001|634325|0.0
3001|32089|0.0
3001|179314|0.0
3001|384231|0.0
3001|414489|0.0
3001|751395|0.0
3001|118176|0.0
3001|47647|0.0
3001|797119|0.0
3001|639863|0.0
3001|639866|0.0
3001|51105|0.0
3002|554375|0.0
3002|260318|0.0
3002|263038|0.0
3002|561224|0.0
3002|822711|0.0
3002|29257|0.0
3002|440679|0.0
3002|446160|0.0
3002|707204|0.0
3002|330835|0.0
3002|184867|0.0
3002|587453|0.0
3002|427748|0.0
3002|519562|0.0
3002|738354|0.0
3002|383594|0.0
3002|800240|0.0
3002|691589|0.0
3002|686386|0.0
3002|686382|0.0
3002|401583|0.0
3002|588271|0.0
3002|72086|0.0
3002|184419|0.0
3002|58028|0.0
3002|67507|0.0
3002|272320|0.0
3002|441649|0.0
3002|603124|0.0
3002|470504|0.0
3002|551946|0.0
3002|67181|0.0
3002|124332|0.0
3002|62398|0.0
3002|72373|0.0
3002|728311|0.0
3002|674212|0.0
3002|41979|0.0
3002|552189|0.0
3002|587312|0.0
3002|512914|0.0
3002|713114|0.0
3002|429557|0.0
3002|608097|0.0
3002|22464|0.0
3002|200634|0.0
3002|467415|0.0
3002|172911|0.0
3002|379880|0.0
3002|722911|0.0
3002|828181|0.357142857143
3002|796923|0.357142857143
3002|396827|0.357142857143
3002|396828|0.357142857143
3002|783979|0.357142857143
3002|730292|0.357142857143
3002|816459|0.357142857143
3002|180350|0.357142857143
3002|482045|0.357142857143
3002|61743|0.357142857143
3002|227791|0.357142857143
3002|682653|0.357142857143
3002|740551|0.357142857143
3002|497583|0.357142857143
3002|254089|0.357142857143
3002|499887|0.357142857143
3002|21293|0.357142857143
3002|691584|0.0
3002|255709|0.357142857143
3002|114122|0.357142857143
3002|676819|0.0
3002|372361|0.0
3002|549758|0.0
3002|503467|0.0
3002|171868|0.0
3002|645747|0.0
3002|510119|0.0
3002|347935|0.0
3002|688877|0.0
3002|388541|0.0
3002|808164|0.0
3002|499854|0.0
3002|580603|0.0
3002|660162|0.0
3002|409962|0.0
3002|186917|0.0
3002|564388|0.0
3002|348533|0.0
3002|192203|0.0
3002|416527|0.0
3002|734175|0.0
3002|111866|0.0
3002|391923|0.0
3002|100768|0.0
3002|611186|0.0
3002|124004|0.0
3002|378543|0.0
3002|155259|0.0
3002|503782|0.0
3002|409158|0.0
3003|89375|0.0
3003|513050|0.0
3003|773132|0.0
3003|288185|0.0
3003|23718|0.0
3003|307637|0.0
3003|105889|0.0
3003|453029|0.0
3003|340046|0.0
3003|339119|0.0
3003|274302|0.0
3003|707205|0.0
3003|34201|0.0
3003|489425|0.0
3003|773759|0.0
3003|437295|0.0
3003|289615|0.0
3003|266378|0.0
3003|535896|0.0
3003|362018|0.0
3003|726494|0.0
3003|11539|0.0
3003|264758|0.0
3003|269671|0.0
3003|38183|0.0
3003|145978|0.0
3003|302284|0.0
3003|688452|0.0
3003|305246|0.0
3003|685871|0.0
3003|522235|0.0
3003|654435|0.0
3003|833707|0.0
3003|634324|0.0
3003|272325|0.0
3003|568761|0.0
3003|352380|0.0
3003|19238|0.0
3003|427907|0.0
3003|55369|0.0
3003|131794|0.0
3003|527442|0.0
3003|448138|0.0
3003|827059|0.0
3003|289971|0.0
3003|592515|0.0
3003|740994|0.0
3003|411314|0.0
3003|519143|0.0
3003|534370|0.0
3003|752564|0.0
3003|210801|0.0
3003|179581|0.0
3003|42462|0.0
3003|546288|0.0
3003|826381|0.0
3003|235062|0.0
3003|698179|0.0
3003|646493|0.0
3003|174305|0.0
3003|117669|0.0
3003|45497|0.0
3003|558762|0.0
3003|317563|0.0
3003|715307|0.0
3003|259189|0.0
3003|615074|0.0
3003|178918|0.0
3003|382884|0.0
3003|422084|0.0
3003|200557|0.0
3003|443627|0.0
3003|396324|0.0
3003|190508|0.0
3003|280866|0.0
3003|104791|0.0
3003|332332|0.0
3003|478069|0.0
3003|703122|0.0
3003|188944|0.0
3003|511501|0.0
3003|763340|0.0
3003|12927|0.0
3003|259677|0.0
3003|659515|0.0
3003|202178|0.0
3003|150504|0.0
3003|808415|0.0
3003|330915|0.0
3003|191535|0.0
3003|506087|0.0
3003|318567|0.0
3003|272605|0.0
3003|624429|0.0
3003|221411|0.0
3003|25735|0.0
3003|292384|0.0
3003|629951|0.0
3003|543094|0.0
3003|541806|0.0
3004|477876|0.0
3004|729444|0.0
3004|64736|0.0
3004|679061|0.0
3004|119997|0.0
3004|813609|0.0
3004|547608|0.0
3004|419878|0.0
3004|81788|0.0
3004|403269|0.0
3004|679745|0.0
3004|622575|0.0
3004|810975|0.0
3004|689664|0.0
3004|358668|0.0
3004|280100|0.0
3004|240548|0.0
3004|115091|0.0
3004|777674|0.0
3004|379726|0.0
3004|597125|0.0
3004|752888|0.0
3004|197261|0.0
3004|115919|0.0
3004|821688|0.0
3004|773236|0.0
3004|659373|0.0
3004|637885|0.0
3004|234141|0.0
3004|133886|0.0
3004|255626|0.0
3004|198823|0.0
3004|801542|0.0
3004|337645|0.0
3004|798920|0.0
3004|650860|0.0
3004|170212|0.0
3004|174072|0.0
3004|154865|0.0
3004|814547|0.0
3004|744871|0.0
3004|534019|0.0
3004|199407|0.0
3004|481475|0.0
3004|234049|0.0
3004|491506|0.0
3004|79522|0.0
3004|181848|0.0
3004|811460|0.0
3004|742224|0.0
3004|45871|0.1
3004|111769|0.1
3004|395072|0.1
3004|9555|0.0
3004|461564|0.1
3004|98761|0.0
3004|437553|0.1
3004|511883|0.0
3004|428901|0.1
3004|386588|0.08
3004|13634|0.0961538461538
3004|338604|0.0
3004|569368|0.0
3004|83333|0.1
3004|22386|0.0
3004|753604|0.1
3004|711950|0.1
3004|507301|0.0
3004|112555|0.0
3004|152228|0.0
3004|276677|0.0
3004|759889|0.0925925925926
3004|610321|0.0
3004|520734|0.0
3004|368569|0.0
3004|641057|0.0
3004|826751|0.0
3004|563482|0.0
3004|247833|0.0
3004|576296|0.0
3004|418320|0.0
3004|712894|0.0
3004|140330|0.0
3004|691421|0.0961538461538
3004|468307|0.0
3004|678981|0.0
3004|328119|0.0961538461538
3004|348666|0.0
3004|219955|0.0
3004|360900|0.0
3004|25844|0.0769230769231
3004|825502|0.0
3004|483438|0.0
3004|533359|0.0
3004|805556|0.0
3004|261708|0.0
3004|121141|0.0
3004|60160|0.0
3004|370004|0.0
3004|240348|0.0
3005|287147|0.0
3005|89373|0.0
3005|494921|0.0
3005|780913|0.0
3005|257658|0.0
3005|381725|0.0
3005|581161|0.0
3005|233035|0.0
3005|562090|0.0
3005|94331|0.0
3005|820225|0.0
3005|175240|0.0
3005|123947|0.0
3005|739012|0.0
3005|803250|0.0
3005|213180|0.0
3005|158281|0.0
3005|51920|0.0
3005|162570|0.0
3005|510264|0.0
3005|79721|0.0
3005|566958|0.0
3005|542403|0.0
3005|151196|0.0
3005|168956|0.0
3005|168953|0.0
3005|796921|0.0
3005|561220|0.0
3005|561222|0.0
3005|822718|0.0
3005|435507|0.0
3005|140461|0.0
3005|514547|0.0
3005|176439|0.0
3005|122935|0.0
3005|596033|0.0
3005|111007|0.0
3005|361952|0.0
3005|834051|0.0
3005|560862|0.0
3005|307638|0.0
3005|341617|0.0
3005|29258|0.0
3005|731119|0.0
3005|543143|0.0
3005|105882|0.0
3005|769186|0.0
3005|440678|0.0
3005|551940|0.0
3005|535132|0.0
3005|584448|0.0
3005|683152|0.0
3005|392975|0.0
3005|172684|0.0
3005|383598|0.0
3005|647454|0.0
3005|44041|0.0
3005|487347|0.0
3005|801249|0.0
3005|333127|0.0
3005|771277|0.0
3005|533459|0.0
3005|602734|0.0
3005|803531|0.0
3005|222195|0.0
3005|95117|0.0
3005|425698|0.0
3005|634268|0.0
3005|103665|0.0
3005|605266|0.0
3005|363124|0.0
3005|33483|0.0
3005|704612|0.0
3005|123606|0.0
3005|238946|0.0
3005|412808|0.0
3005|290230|0.0
3005|661452|0.0
3005|696957|0.0
3005|549159|0.0
3005|59315|0.0
3005|751570|0.0
3005|647859|0.0
3005|407226|0.0
3005|213297|0.0
3005|15920|0.0
3005|760055|0.0
3005|672963|0.0
3005|317304|0.0
3005|664504|0.0
3005|380164|0.0
3005|304384|0.0
3005|583447|0.0
3005|166956|0.0
3005|265871|0.0
3005|601648|0.0
3005|168859|0.0
3005|171885|0.0
3005|352402|0.0
3005|735417|0.0
3006|802877|0.0
3006|740159|0.0
3006|487772|0.0
3006|199889|0.0
3006|504448|0.0
3006|563501|0.0
3006|421832|0.0
3006|723112|0.0
3006|112586|0.0
3006|607787|0.0
3006|684103|0.0
3006|135756|0.0
3006|20333|0.0
3006|241177|0.0
3006|152689|0.0
3006|247488|0.0
3006|407442|0.0
3006|89293|0.0
3006|572186|0.0
3006|155220|0.0
3006|158386|0.0
3006|775345|0.0
3006|115685|0.0
3006|795468|0.0
3006|703703|0.0
3006|555373|0.0
3006|330788|0.0
3006|211567|0.0
3006|721329|0.0
3006|257357|0.0
3006|139106|0.0
3006|176739|0.0
3006|210569|0.0
3006|712851|0.0
3006|494882|0.0
3006|71133|0.0
3006|242506|0.0
3006|301840|0.0
3006|247658|0.0
3006|680307|0.0
3006|295621|0.0
3006|778150|0.0
3006|697079|0.0
3006|645127|0.0
3006|31868|0.0
3006|732218|0.0
3006|805296|0.0
3006|161733|0.0
3006|122737|0.0
3006|122736|0.0
3006|330906|0.0
3006|719108|0.0
3006|601155|0.0
3006|204876|0.0
3006|633141|0.0
3006|92939|0.0
3006|139125|0.0
3006|199777|0.0
3006|742605|0.0
3006|783540|0.0
3006|760718|0.0
3006|599088|0.0
3006|470443|0.0
3006|289790|0.0
3006|554698|0.0
3006|101326|0.0
3006|502511|0.0
3006|688355|0.0
3006|286699|0.0
3006|228077|0.0
3006|411914|0.0
3006|421685|0.0
3006|794550|0.0
3006|821369|0.0
3006|313131|0.0
3006|783523|0.0
3006|209653|0.0
3006|758933|0.0
3006|474885|0.0
3006|21986|0.0
3006|304569|0.0
3006|77975|0.0
3006|415930|0.0
3006|504077|0.0
3006|550221|0.0
3006|262187|0.0
3006|619620|0.0
3006|831527|0.0
3006|55917|0.0
3006|514417|0.0
3006|720308|0.0
3006|77956|0.0
3006|693168|0.0
3006|677166|0.0
3006|452233|0.0
3006|608931|0.0
3006|715332|0.0
3006|438937|0.0
3006|785988|0.0
3006|538058|0.0
3007|494924|0.0
3007|80270|0.0
3007|163503|0.0
3007|513053|0.0
3007|388672|0.0
3007|381727|0.0
3007|123277|0.0
3007|581163|0.0
3007|667794|0.0
3007|260316|0.0
3007|295064|0.0
3007|288180|0.0
3007|398694|0.0
3007|540515|0.0
3007|596032|0.0
3007|376113|0.0
3007|264686|0.0
3007|29253|0.0
3007|412347|0.0
3007|332918|0.0
3007|145055|0.0
3007|371839|0.0
3007|535136|0.0
3007|452812|0.0
3007|22197|0.0
3007|729447|0.0
3007|50298|0.0
3007|757775|0.0
3007|446161|0.0
3007|334432|0.0
3007|439930|0.0
3007|274259|0.0
3007|325885|0.0
3007|234600|0.0
3007|389135|0.0
3007|333644|0.0
3007|18601|0.0
3007|96371|0.0
3007|83009|0.0
3007|115332|0.0
3007|117645|0.0
3007|446290|0.0
3007|166068|0.0
3007|563114|0.0
3007|569721|0.0
3007|468813|0.0
3007|282396|0.0
3007|731678|0.0
3007|199618|0.0
3007|148497|0.0
3007|185114|0.0
3007|168596|0.0
3007|832660|0.0
3007|448258|0.0
3007|478789|0.0
3007|663205|0.0
3007|585153|0.0
3007|196153|0.0
3007|688434|0.0
3007|404508|0.0
3007|690222|0.0
3007|728251|0.0
3007|603842|0.0
3007|688210|0.0
3007|387819|0.0
3007|124436|0.0
3007|352109|0.0
3007|232754|0.0
3007|587004|0.0
3007|533191|0.0
3007|453210|0.0
3007|89138|0.0
3007|598341|0.0
3007|256331|0.0
3007|448591|0.0
3007|635943|0.0
3007|259533|0.0
3007|759759|0.0
3007|602741|0.0
3007|580622|0.0
3007|140492|0.0
3007|456564|0.0
3007|650073|0.0
3007|455421|0.0
3007|349460|0.0
3007|545315|0.0
3007|507681|0.0
3007|44751|0.0
3007|295570|0.0
3007|102217|0.0
3007|626749|0.0
3007|356034|0.0
3007|479139|0.0
3007|807607|0.0
3007|724733|0.0
3007|694685|0.0
3007|362281|0.0
3007|424824|0.0
3007|301714|0.0
3007|683660|0.0
3008|89374|0.0
3008|545967|0.0
3008|554370|0.0
3008|163509|0.0
3008|163508|0.0
3008|828184|0.0
3008|532443|0.0
3008|257657|0.0
3008|89584|0.0
3008|609989|0.0
3008|773134|0.0
3008|386846|0.0
3008|802874|0.0
3008|398084|0.0
3008|259471|0.0
3008|233036|0.0
3008|157242|0.0
3008|109851|0.0
3008|755062|0.0
3008|463001|0.0
3008|353264|0.0
3008|38561|0.0
3008|38563|0.0
3008|320298|0.0
3008|320290|0.0
3008|123943|0.0
3008|83636|0.0
3008|693717|0.0
3008|451991|0.0
3008|214375|0.0
3008|300046|0.0
3008|300045|0.0
3008|469992|0.0
3008|566953|0.0
3008|566951|0.0
3008|566956|0.0
3008|540513|0.0
3008|23712|0.0
3008|803372|0.0
3008|368969|0.0
3008|368966|0.0
3008|694517|0.0
3008|420718|0.0
3008|511829|0.0
3008|342835|0.0
3008|170490|0.0
3008|821435|0.0
3008|140464|0.0
3008|392670|0.0
3008|596034|0.0
3008|545960|0.0
3008|551941|0.0
3008|791427|0.0
3008|692772|0.0
3008|418537|0.0
3008|723715|0.0
3008|654418|0.0
3008|548796|0.0
3008|308721|0.0
3008|283505|0.0
3008|785735|0.0
3008|525203|0.0
3008|313926|0.0
3008|255255|0.0
3008|832153|0.0
3008|416409|0.0
3008|648597|0.0
3008|354158|0.0
3008|85804|0.0
3008|319248|0.0
3008|30545|0.0
3008|619416|0.0
3008|555769|0.0
3008|403586|0.0
3008|790712|0.0
3008|497772|0.0
3008|283589|0.0
3008|454981|0.0
3008|437177|0.0
3008|234777|0.0
3008|525666|0.0
3008|651267|0.0
3008|195567|0.0
3008|240812|0.0
3008|731128|0.0
3008|457736|0.0
3008|130316|0.0
3008|723998|0.0
3008|671891|0.0
3008|214100|0.0
3008|723640|0.0
3008|372351|0.0
3008|671371|0.0
3008|281564|0.0
3008|338876|0.0
3008|209609|0.0
3008|489195|0.0
3008|364173|0.0
3008|585327|0.0
3008|775339|0.0
3009|38564|0.0
3009|807382|0.0
3009|249119|0.0
3009|249118|0.0
3009|211618|0.0
3009|551356|0.0
3009|116416|0.0
3009|765713|0.0
3009|14068|0.0
3009|270217|0.0
3009|15949|0.0
3009|287808|0.0
3009|130981|0.0
3009|72087|0.0
3009|393322|0.0
3009|743058|0.0
3009|770466|0.0
3009|352381|0.0
3009|538291|0.0
3009|129253|0.0
3009|418217|0.0
3009|420874|0.0
3009|188906|0.0
3009|784168|0.0
3009|71747|0.0
3009|519605|0.0
3009|431682|0.0
3009|650047|0.0
3009|577602|0.0
3009|325453|0.0
3009|669035|0.0
3009|99144|0.0
3009|432879|0.0
3009|637210|0.0
3009|325337|0.0
3009|277164|0.0
3009|651074|0.0
3009|552490|0.0
3009|730048|0.0
3009|796802|0.0
3009|138531|0.0
3009|779259|0.0
3009|124214|0.0
3009|289890|0.0
3009|436463|0.0
3009|367384|0.0
3009|450051|0.0
3009|311830|0.0
3009|222827|0.0
3009|224401|0.0
3009|712074|0.173469387755
3009|375773|0.104166666667
3009|683285|0.173469387755
3009|31867|0.184782608696
3009|100098|0.0263157894737
3009|650819|0.173469387755
3009|259362|0.102040816327
3009|608870|0.184782608696
3009|396494|0.0263157894737
3009|549796|0.173469387755
3009|81009|0.14
3009|676513|0.0
3009|811997|0.173469387755
3009|468055|0.147727272727
3009|450414|0.184782608696
3009|189093|0.173469387755
3009|649776|0.147727272727
3009|340455|0.0263157894737
3009|830741|0.0263157894737
3009|25017|0.0263157894737
3009|280529|0.0263157894737
3009|637124|0.104166666667
3009|46439|0.19298245614
3009|313214|0.0263157894737
3009|650975|0.0
3009|123651|0.104166666667
3009|654423|0.173469387755
3009|25247|0.0
3009|304288|0.184782608696
3009|624989|0.0
3009|609048|0.0263157894737
3009|398745|0.104166666667
3009|552969|0.173469387755
3009|483000|0.0263157894737
3009|725705|0.173469387755
3009|273425|0.0
3009|474232|0.184782608696
3009|63851|0.190909090909
3009|726191|0.104166666667
3009|576422|0.184782608696
3009|518749|0.0263157894737
3009|478372|0.0263157894737
3009|473818|0.0
3009|516455|0.0
3009|619543|0.09375
3009|818946|0.1
3009|390744|0.0
3009|749996|0.0
3009|510068|0.0263157894737
3009|302808|0.173469387755
3010|150163|0.0
3010|105634|0.0
3010|511820|0.0
3010|519563|0.0
3010|28663|0.0
3010|634321|0.0
3010|394232|0.0
3010|370241|0.0
3010|676698|0.0
3010|197326|0.0
3010|114489|0.0
3010|595150|0.0
3010|14974|0.0
3010|342678|0.0
3010|370347|0.0
3010|246889|0.0
3010|285905|0.0
3010|398894|0.0
3010|545980|0.0
3010|800269|0.0
3010|656707|0.0
3010|223360|0.0
3010|442472|0.0
3010|227251|0.0
3010|578240|0.0
3010|629158|0.0
3010|421019|0.0
3010|720935|0.0
3010|449572|0.0
3010|770155|0.0
3010|824343|0.0
3010|58298|0.0
3010|781422|0.0
3010|134000|0.0
3010|460381|0.0
3010|566385|0.0
3010|248128|0.0
3010|205687|0.0
3010|211118|0.0
3010|533632|0.0
3010|221517|0.0
3010|766083|0.0
3010|400183|0.0
3010|831619|0.0
3010|82292|0.0
3010|58812|0.0
3010|397197|0.0
3010|272142|0.0
3010|226461|0.0
3010|267813|0.0
3010|287145|0.375
3010|194955|0.359223300971
3010|356293|0.375
3010|662793|0.359223300971
3010|629139|0.360576923077
3010|627146|0.359223300971
3010|633028|0.0
3010|822289|0.359223300971
3010|322768|0.375
3010|314748|0.26
3010|367524|0.34
3010|235342|0.227848101266
3010|450032|0.0
3010|170410|0.359223300971
3010|48284|0.375
3010|642877|0.375
3010|445911|0.0
3010|194260|0.37037037037
3010|662213|0.359223300971
3010|231513|0.0
3010|139889|0.346153846154
3010|487253|0.329411764706
3010|48489|0.375
3010|834587|0.0
3010|703419|0.359223300971
3010|698225|0.227848101266
3010|644342|0.359223300971
3010|810785|0.37037037037
3010|776232|0.359223300971
3010|711447|0.227848101266
3010|693307|0.227848101266
3010|48984|0.227848101266
3010|152318|0.0
3010|789890|0.0
3010|12116|0.0
3010|179069|0.359223300971
3010|231754|0.356382978723
3010|321819|0.0
3010|13628|0.34693877551
3010|103410|0.25
3010|380951|0.359223300971
3010|689172|0.0
3010|386206|0.0
3010|471325|0.227848101266
3010|388717|0.344444444444
3010|478318|0.34693877551
3010|65061|0.359223300971
3010|726597|0.0
3010|87267|0.227848101266
3010|375686|0.37037037037
3011|105884|0.0
3011|394916|0.0
3011|444272|0.0
3011|661719|0.0
3011|795980|0.0
3011|218282|0.0
3011|705671|0.0
3011|701739|0.0
3011|120567|0.0
3011|528267|0.0
3011|610768|0.0
3011|722181|0.0
3011|356701|0.0
3011|517815|0.0
3011|190874|0.0
3011|113123|0.0
3011|829264|0.0
3011|797917|0.0
3011|625192|0.0
3011|466725|0.0
3011|235842|0.0
3011|405636|0.0
3011|74936|0.0
3011|42423|0.0
3011|690449|0.0
3011|23150|0.0
3011|456901|0.0
3011|505039|0.0
3011|321729|0.0
3011|203817|0.0
3011|169772|0.0
3011|276597|0.0
3011|741378|0.0
3011|422283|0.0
3011|80809|0.0
3011|638568|0.0
3011|320058|0.0
3011|65535|0.0
3011|83252|0.0
3011|159868|0.0
3011|642460|0.0
3011|530773|0.0
3011|64285|0.0
3011|600497|0.0
3011|558109|0.0
3011|22506|0.0
3011|804937|0.0
3011|343344|0.0
3011|707375|0.0
3011|448645|0.0
3011|83631|0.0
3011|502310|0.0
3011|301503|0.0
3011|622631|0.0
3011|31143|0.0
3011|663606|0.0
3011|529633|0.0
3011|656096|0.0
3011|126392|0.0
3011|63418|0.0
3011|633629|0.0
3011|265003|0.0
3011|275457|0.0
3011|743717|0.0
3011|761630|0.0
3011|101132|0.0
3011|832536|0.0
3011|550684|0.0
3011|762068|0.0
3011|373572|0.0
3011|125191|0.0
3011|51608|0.0
3011|421535|0.0
3011|794758|0.0
3011|242505|0.0
3011|355765|0.0
3011|34549|0.0
3011|328905|0.0
3011|154996|0.0
3011|608384|0.0
3011|150543|0.0
3011|693734|0.0
3011|289114|0.0
3011|9387|0.0
3011|740131|0.0
3011|720070|0.0
3011|681592|0.0
3011|119305|0.0
3011|751515|0.0
3011|483856|0.0
3011|686093|0.0
3011|515915|0.0
3011|118158|0.0
3011|270735|0.0
3011|188925|0.0
3011|181662|0.0
3011|451879|0.0
3011|572250|0.0
3011|30786|0.0
3011|135659|0.0
3012|494319|0.0
3012|762276|0.0
3012|205391|0.0
3012|267594|0.0
3012|253518|0.0
3012|216423|0.0
3012|448314|0.0
3012|255707|0.0
3012|706374|0.0
3012|474679|0.0
3012|249571|0.0
3012|339737|0.0
3012|272321|0.0
3012|97569|0.0
3012|515937|0.0
3012|582238|0.0
3012|232939|0.0
3012|109099|0.0
3012|517151|0.0
3012|317107|0.0
3012|829306|0.0
3012|150882|0.0
3012|405239|0.0
3012|555555|0.0
3012|706816|0.0
3012|712163|0.0
3012|208594|0.0
3012|660583|0.0
3012|48260|0.0
3012|20339|0.0
3012|60405|0.0
3012|604022|0.0
3012|439722|0.0
3012|647159|0.0
3012|636476|0.0
3012|104978|0.0
3012|724180|0.0
3012|622751|0.0
3012|605816|0.0
3012|448479|0.0
3012|634667|0.0
3012|405771|0.0
3012|159615|0.0
3012|453690|0.0
3012|68019|0.0
3012|602272|0.0
3012|828438|0.0
3012|571315|0.0
3012|505515|0.0
3012|825846|0.0
3012|827052|0.357142857143
3012|309740|0.365853658537
3012|402079|0.37
3012|207059|0.34375
3012|103160|0.377358490566
3012|602117|0.377358490566
3012|296716|0.358267716535
3012|647750|0.377358490566
3012|459357|0.350806451613
3012|583088|0.350806451613
3012|84834|0.357142857143
3012|150265|0.377358490566
3012|541045|0.369300911854
3012|214545|0.357142857143
3012|26177|0.358267716535
3012|327799|0.377358490566
3012|321988|0.34375
3012|23424|0.356
3012|268929|0.377358490566
3012|526637|0.365853658537
3012|40862|0.377358490566
3012|13453|0.377358490566
3012|327150|0.377358490566
3012|469975|0.377358490566
3012|641634|0.377358490566
3012|82693|0.377358490566
3012|202232|0.365853658537
3012|560397|0.358267716535
3012|638116|0.34375
3012|441257|0.357142857143
3012|370117|0.371428571429
3012|51412|0.365853658537
3012|530080|0.369300911854
3012|128983|0.34375
3012|513760|0.357142857143
3012|219253|0.365853658537
3012|279193|0.365853658537
3012|138806|0.365853658537
3012|658100|0.37
3012|659169|0.365853658537
3012|349698|0.365853658537
3012|187802|0.365853658537
3012|727914|0.365853658537
3012|590372|0.353281853282
3012|670030|0.34375
3012|507778|0.365853658537
3012|663643|0.350806451613
3012|704095|0.34375
3012|628062|0.357142857143
3012|429572|0.371428571429
3013|494924|0.0
3013|80270|0.0
3013|163503|0.0
3013|513053|0.0
3013|388672|0.0
3013|381727|0.0
3013|123277|0.0
3013|581163|0.0
3013|667794|0.0
3013|260316|0.0
3013|295064|0.0
3013|288180|0.0
3013|398694|0.0
3013|540515|0.0
3013|596032|0.0
3013|376113|0.0
3013|264686|0.0
3013|29253|0.0
3013|412347|0.0
3013|332918|0.0
3013|145055|0.0
3013|371839|0.0
3013|535136|0.0
3013|452812|0.0
3013|22197|0.0
3013|729447|0.0
3013|50298|0.0
3013|757775|0.0
3013|446161|0.0
3013|334432|0.0
3013|439930|0.0
3013|274259|0.0
3013|325885|0.0
3013|234600|0.0
3013|389135|0.0
3013|333644|0.0
3013|18601|0.0
3013|96371|0.0
3013|83009|0.0
3013|115332|0.0
3013|117645|0.0
3013|446290|0.0
3013|166068|0.0
3013|563114|0.0
3013|569721|0.0
3013|468813|0.0
3013|282396|0.0
3013|731678|0.0
3013|199618|0.0
3013|148497|0.0
3013|678361|0.0
3013|13483|0.0
3013|330680|0.0
3013|630726|0.0
3013|368643|0.0
3013|527444|0.0
3013|396201|0.0
3013|264927|0.0
3013|317229|0.0
3013|588960|0.0
3013|111163|0.0
3013|635470|0.0
3013|311278|0.0
3013|716197|0.0
3013|813628|0.0
3013|723710|0.0
3013|629232|0.0
3013|734401|0.0
3013|142676|0.0
3013|306911|0.0
3013|764832|0.0
3013|600387|0.0
3013|784235|0.0
3013|581380|0.0
3013|226551|0.0
3013|792560|0.0
3013|816413|0.0
3013|65873|0.0
3013|104257|0.0
3013|455371|0.0
3013|383909|0.0
3013|495103|0.0
3013|243652|0.0
3013|53986|0.0
3013|524506|0.0
3013|315558|0.0
3013|630780|0.0
3013|338329|0.0
3013|308462|0.0
3013|143240|0.0
3013|551532|0.0
3013|31228|0.0
3013|317460|0.0
3013|173515|0.0
3013|207854|0.0
3013|123006|0.0
3013|597087|0.0
3013|804939|0.0
3013|304954|0.0
3013|542709|0.0
3014|89374|0.0
3014|545967|0.0
3014|554370|0.0
3014|163509|0.0
3014|163508|0.0
3014|828184|0.0
3014|532443|0.0
3014|257657|0.0
3014|89584|0.0
3014|609989|0.0
3014|773134|0.0
3014|386846|0.0
3014|802874|0.0
3014|398084|0.0
3014|259471|0.0
3014|233036|0.0
3014|157242|0.0
3014|109851|0.0
3014|755062|0.0
3014|463001|0.0
3014|353264|0.0
3014|38561|0.0
3014|38563|0.0
3014|320298|0.0
3014|320290|0.0
3014|123943|0.0
3014|83636|0.0
3014|693717|0.0
3014|451991|0.0
3014|214375|0.0
3014|300046|0.0
3014|300045|0.0
3014|469992|0.0
3014|566953|0.0
3014|566951|0.0
3014|566956|0.0
3014|540513|0.0
3014|23712|0.0
3014|803372|0.0
3014|368969|0.0
3014|368966|0.0
3014|694517|0.0
3014|420718|0.0
3014|511829|0.0
3014|342835|0.0
3014|170490|0.0
3014|821435|0.0
3014|140464|0.0
3014|392670|0.0
3014|596034|0.0
3014|125698|0.434210526316
3014|28246|0.417431192661
3014|633028|0.0
3014|769627|0.419075144509
3014|37424|0.422077922078
3014|81048|0.434210526316
3014|341920|0.405487804878
3014|833359|0.429319371728
3014|674341|0.417431192661
3014|39712|0.405487804878
3014|77408|0.428191489362
3014|708886|0.433908045977
3014|240457|0.417431192661
3014|445911|0.0
3014|177647|0.405487804878
3014|575824|0.432835820896
3014|828036|0.422077922078
3014|357767|0.41975308642
3014|231513|0.0
3014|770342|0.417431192661
3014|834587|0.0
3014|618417|0.434210526316
3014|481785|0.417431192661
3014|52676|0.43023255814
3014|598156|0.378787878788
3014|387668|0.417910447761
3014|343960|0.417431192661
3014|152318|0.0
3014|249168|0.433908045977
3014|789890|0.0
3014|795796|0.378787878788
3014|12116|0.0
3014|321819|0.0
3014|664017|0.417431192661
3014|288978|0.417431192661
3014|689172|0.0
3014|212010|0.429054054054
3014|386206|0.0
3014|682318|0.433908045977
3014|237310|0.378787878788
3014|635609|0.417431192661
3014|170069|0.417431192661
3014|194254|0.417431192661
3014|250774|0.434659090909
3014|388616|0.434659090909
3014|164167|0.418918918919
3014|322264|0.434210526316
3014|511043|0.43023255814
3014|650720|0.434210526316
3014|580854|0.434210526316
3015|554374|0.146153846154
3015|233032|0.146153846154
3015|694511|0.146153846154
3015|560467|0.146153846154
3015|145052|0.146153846154
3015|325882|0.146153846154
3015|707208|0.146153846154
3015|64730|0.146153846154
3015|755636|0.0
3015|389136|0.146153846154
3015|816450|0.146153846154
3015|528201|0.146153846154
3015|276639|0.146153846154
3015|368226|0.146153846154
3015|294675|0.146153846154
3015|270212|0.146153846154
3015|362017|0.146153846154
3015|524821|0.146153846154
3015|100288|0.146153846154
3015|278246|0.146153846154
3015|691581|0.146153846154
3015|779770|0.146153846154
3015|395036|0.146153846154
3015|296976|0.146153846154
3015|398511|0.146153846154
3015|286645|0.146153846154
3015|539784|0.0
3015|554451|0.0
3015|312789|0.0
3015|381561|0.0
3015|783343|0.0
3015|664206|0.0
3015|511100|0.0
3015|183912|0.0
3015|518150|0.0
3015|442901|0.0
3015|777624|0.0
3015|643964|0.0
3015|676365|0.0
3015|431215|0.0
3015|557998|0.0
3015|625800|0.0
3015|618971|0.0
3015|718007|0.0
3015|206298|0.0
3015|516690|0.0
3015|154288|0.0
3015|372950|0.0
3015|831428|0.0
3015|670511|0.0
3015|162572|0.0
3015|122936|0.0
3015|369035|0.0
3015|442957|0.0
3015|349448|0.0
3015|402474|0.0
3015|383664|0.0
3015|370027|0.0
3015|78184|0.0
3015|412664|0.0
3015|165994|0.0
3015|700702|0.0
3015|207658|0.0
3015|539297|0.0
3015|777707|0.0
3015|632130|0.0
3015|522715|0.0
3015|737882|0.0
3015|655390|0.0
3015|515663|0.0
3015|285807|0.0
3015|287932|0.0
3015|819611|0.0
3015|724529|0.0
3015|376383|0.0
3015|520064|0.0
3015|271479|0.0
3015|233532|0.0
3015|319695|0.0
3015|680323|0.0
3015|603802|0.0
3015|475048|0.0
3015|597266|0.0
3015|816419|0.0
3015|199385|0.0
3015|702495|0.0
3015|464566|0.0
3015|726233|0.0
3015|386478|0.0
3015|633002|0.0
3015|443491|0.0
3015|700745|0.0
3015|303582|0.0
3015|454900|0.0
3015|721146|0.0
3015|158989|0.0
3015|577145|0.0
3015|536780|0.0
3015|220764|0.0
3015|446106|0.0
3016|287148|0.0
3016|773137|0.0
3016|309424|0.0
3016|233038|0.0
3016|368965|0.0
3016|225763|0.0
3016|560866|0.0
3016|478854|0.0
3016|333640|0.0
3016|709378|0.0
3016|197329|0.0
3016|194730|0.0
3016|746300|0.0
3016|46370|0.0
3016|807923|0.0
3016|735279|0.0
3016|199882|0.0
3016|520143|0.0
3016|710567|0.0
3016|499881|0.0
3016|189881|0.0
3016|403520|0.0
3016|475469|0.0
3016|750271|0.0
3016|390406|0.0
3016|324926|0.0
3016|560607|0.0
3016|743054|0.0
3016|257510|0.0
3016|61521|0.0
3016|420250|0.0
3016|739514|0.0
3016|186694|0.0
3016|394915|0.0
3016|504261|0.0
3016|315076|0.0
3016|704732|0.0
3016|301063|0.0
3016|482809|0.0
3016|573448|0.0
3016|38365|0.0
3016|500669|0.0
3016|536353|0.0
3016|41524|0.0
3016|503852|0.0
3016|226723|0.0
3016|592993|0.0
3016|87067|0.0
3016|425746|0.0
3016|548488|0.0
3016|768058|0.0
3016|232953|0.0454545454545
3016|478835|0.0454545454545
3016|585717|0.0454545454545
3016|375695|0.0
3016|558821|0.0454545454545
3016|9050|0.0
3016|165656|0.0454545454545
3016|66176|0.0454545454545
3016|223306|0.0
3016|532160|0.0454545454545
3016|561746|0.0454545454545
3016|251370|0.0454545454545
3016|777549|0.0454545454545
3016|797268|0.0454545454545
3016|687335|0.0454545454545
3016|519322|0.0454545454545
3016|509551|0.0
3016|109936|0.0
3016|27706|0.0454545454545
3016|468710|0.0454545454545
3016|163255|0.0
3016|16692|0.0
3016|822261|0.0
3016|343467|0.0
3016|140964|0.0
3016|165973|0.0454545454545
3016|828033|0.0454545454545
3016|709125|0.0454545454545
3016|607615|0.0454545454545
3016|155700|0.0
3016|714936|0.0
3016|236216|0.0454545454545
3016|162405|0.0454545454545
3016|376028|0.0454545454545
3016|139471|0.0454545454545
3016|34436|0.0454545454545
3016|432579|0.0
3016|124549|0.0
3016|443463|0.0454545454545
3016|518358|0.0454545454545
3016|531151|0.0
3016|431439|0.0
3016|520076|0.0
3016|437045|0.0
3016|600074|0.0
3016|89228|0.0
3016|766817|0.0
3016|806515|0.0
3016|464306|0.0
3017|105631|0.0
3017|803252|0.0
3017|120621|0.0
3017|540514|0.0
3017|151193|0.0
3017|761707|0.0
3017|464376|0.0
3017|361956|0.0
3017|461627|0.0
3017|603970|0.0
3017|18606|0.0
3017|18604|0.0
3017|738758|0.0
3017|463132|0.0
3017|369039|0.0
3017|130505|0.0
3017|409179|0.0
3017|14061|0.0
3017|160560|0.0
3017|266377|0.0
3017|740558|0.0
3017|469993|0.0
3017|37705|0.0
3017|679858|0.0
3017|479143|0.0
3017|515753|0.0
3017|442953|0.0
3017|673018|0.0
3017|743053|0.0
3017|770215|0.0
3017|92154|0.0
3017|269931|0.0
3017|759458|0.0
3017|528026|0.0
3017|652282|0.0
3017|786425|0.0
3017|322248|0.0
3017|143199|0.0
3017|760184|0.0
3017|409815|0.0
3017|480796|0.0
3017|774650|0.0
3017|14680|0.0
3017|498072|0.0
3017|159941|0.0
3017|639865|0.0
3017|611808|0.0
3017|48899|0.0
3017|628521|0.0
3017|31827|0.0
3017|109851|0.0
3017|475327|0.0
3017|370244|0.0
3017|720670|0.0
3017|594280|0.0
3017|776248|0.0
3017|330297|0.0
3017|189834|0.0
3017|10230|0.0
3017|685005|0.0
3017|120420|0.0
3017|701231|0.0
3017|162250|0.0
3017|205294|0.0
3017|630960|0.0
3017|214010|0.0
3017|664040|0.0
3017|324080|0.0
3017|666688|0.0
3017|165875|0.0
3017|564681|0.0
3017|31209|0.0
3017|402732|0.0
3017|105829|0.0
3017|559385|0.0
3017|133533|0.0
3017|738955|0.0
3017|379979|0.0
3017|262700|0.0
3017|812061|0.0
3017|666231|0.0
3017|258844|0.0
3017|750283|0.0
3017|363879|0.0
3017|72150|0.0
3017|752247|0.0
3017|619252|0.0
3017|734861|0.0
3017|708882|0.0
3017|608962|0.0
3017|347014|0.0
3017|212768|0.0
3017|227673|0.0
3017|478363|0.0
3017|216188|0.0
3017|97877|0.0
3017|341528|0.0
3017|336253|0.0
3017|84851|0.0
3017|776919|0.0
3018|31763|0.0
3018|503092|0.0
3018|59980|0.0
3018|429737|0.0
3018|412535|0.0
3018|138450|0.0
3018|627932|0.0
3018|338801|0.0
3018|268291|0.0
3018|295529|0.0
3018|448478|0.0
3018|102127|0.0
3018|105532|0.0
3018|195787|0.0
3018|348041|0.0
3018|708798|0.0
3018|245327|0.0
3018|214973|0.0
3018|429056|0.0
3018|128310|0.0
3018|650504|0.0
3018|40752|0.0
3018|807587|0.0
3018|54080|0.0
3018|201267|0.0
3018|420172|0.0
3018|40031|0.0
3018|147494|0.0
3018|212525|0.0
3018|234129|0.0
3018|110614|0.0
3018|618706|0.0
3018|241699|0.0
3018|499593|0.0
3018|784511|0.0
3018|654930|0.0
3018|313956|0.0
3018|559153|0.0
3018|515810|0.0
3018|806812|0.0
3018|397193|0.0
3018|811898|0.0
3018|223025|0.0
3018|82110|0.0
3018|373634|0.0
3018|167265|0.0
3018|815257|0.0
3018|195761|0.0
3018|753620|0.0
3018|621446|0.0
3018|777795|0.424731182796
3018|439939|0.0
3018|135014|0.347368421053
3018|628627|0.0
3018|678543|0.406626506024
3018|533634|0.42328042328
3018|261430|0.0
3018|662612|0.0
3018|40657|0.160714285714
3018|745568|0.0
3018|256945|0.4225
3018|12638|0.160714285714
3018|8801|0.160714285714
3018|404484|0.0
3018|576371|0.347368421053
3018|781877|0.366336633663
3018|359568|0.0
3018|612763|0.347368421053
3018|609123|0.160714285714
3018|398309|0.347368421053
3018|582905|0.37037037037
3018|405103|0.160714285714
3018|735262|0.160714285714
3018|420663|0.347368421053
3018|438747|0.0
3018|269864|0.37037037037
3018|695136|0.160714285714
3018|83358|0.0
3018|595390|0.0
3018|591491|0.347368421053
3018|37734|0.0
3018|515653|0.42328042328
3018|133240|0.423076923077
3018|252889|0.4225
3018|425602|0.415525114155
3018|532553|0.37037037037
3018|337810|0.0
3018|221562|0.0
3018|86047|0.419786096257
3018|797531|0.42328042328
3018|619521|0.402234636872
3018|339561|0.0
3018|199516|0.347368421053
3018|173806|0.347368421053
3018|788071|0.347368421053
3018|753878|0.0
3018|524457|0.42328042328
3018|29728|0.0
3018|231992|0.37037037037
3018|527691|0.414507772021
3019|513057|0.0
3019|162573|0.0
3019|593555|0.0
3019|140466|0.0
3019|361957|0.0
3019|412340|0.0
3019|747502|0.0
3019|392979|0.0
3019|153394|0.0
3019|380769|0.0
3019|241437|0.0
3019|772857|0.0
3019|726493|0.0
3019|213915|0.0
3019|613016|0.0
3019|568767|0.0
3019|296468|0.0
3019|378347|0.0
3019|738938|0.0
3019|693213|0.0
3019|84406|0.0
3019|12346|0.0
3019|144729|0.0
3019|521311|0.0
3019|99546|0.0
3019|10532|0.0
3019|294871|0.0
3019|534774|0.0
3019|360869|0.0
3019|648367|0.0
3019|649502|0.0
3019|275187|0.0
3019|198149|0.0
3019|788078|0.0
3019|772026|0.0
3019|400658|0.0
3019|201368|0.0
3019|68675|0.0
3019|227361|0.0
3019|90100|0.0
3019|393592|0.0
3019|198979|0.0
3019|450057|0.0
3019|294514|0.0
3019|786508|0.0
3019|123062|0.0
3019|397775|0.0
3019|708572|0.0
3019|292893|0.0
3019|32862|0.0
3019|584440|0.0441176470588
3019|157247|0.0441176470588
3019|500043|0.0441176470588
3019|273631|0.0
3019|410846|0.0441176470588
3019|557865|0.0
3019|223897|0.0441176470588
3019|420918|0.0
3019|308963|0.0441176470588
3019|58080|0.0441176470588
3019|589433|0.0441176470588
3019|831375|0.0
3019|419341|0.0441176470588
3019|153059|0.0441176470588
3019|811850|0.0441176470588
3019|291109|0.0441176470588
3019|613458|0.0441176470588
3019|410524|0.030303030303
3019|398481|0.0
3019|638951|0.0441176470588
3019|635331|0.0441176470588
3019|716326|0.0
3019|768290|0.0441176470588
3019|54343|0.0
3019|628353|0.0441176470588
3019|514418|0.0441176470588
3019|657115|0.0441176470588
3019|33747|0.0441176470588
3019|85623|0.0441176470588
3019|296786|0.0441176470588
3019|632263|0.0441176470588
3019|724392|0.0441176470588
3019|546230|0.0
3019|319310|0.0441176470588
3019|714065|0.0
3019|457673|0.0441176470588
3019|626496|0.0
3019|179457|0.030303030303
3019|783173|0.0441176470588
3019|718128|0.0441176470588
3019|491497|0.030303030303
3019|205325|0.0
3019|53048|0.0
3019|697251|0.0
3019|162474|0.030303030303
3019|267440|0.0
3019|763692|0.030303030303
3019|743879|0.030303030303
3019|616444|0.0
3019|461651|0.0
3020|288183|0.0925925925926
3020|772851|0.0925925925926
3020|217092|0.0
3020|21188|0.0925925925926
3020|550875|0.0
3020|246232|0.0925925925926
3020|194526|0.0555555555556
3020|504696|0.0
3020|137861|0.0555555555556
3020|151147|0.0
3020|818995|0.0925925925926
3020|275213|0.0714285714286
3020|709347|0.0925925925926
3020|699437|0.0
3020|195800|0.0
3020|442840|0.037037037037
3020|618783|0.0
3020|102284|0.0
3020|34996|0.037037037037
3020|227985|0.0925925925926
3020|825938|0.0925925925926
3020|297092|0.0925925925926
3020|427540|0.0
3020|208135|0.0
3020|206488|0.0
3020|277885|0.0
3020|300935|0.0925925925926
3020|226912|0.0925925925926
3020|9933|0.0925925925926
3020|805176|0.0925925925926
3020|379892|0.037037037037
3020|659743|0.0
3020|356071|0.0714285714286
3020|50509|0.0925925925926
3020|480930|0.0
3020|713380|0.0
3020|829271|0.0925925925926
3020|82168|0.0
3020|151717|0.0
3020|206419|0.037037037037
3020|741133|0.0925925925926
3020|703904|0.0925925925926
3020|369502|0.0925925925926
3020|493085|0.0925925925926
3020|350066|0.0
3020|344923|0.0
3020|536238|0.0
3020|196747|0.0
3020|464169|0.0
3020|101836|0.0
3020|176430|0.0
3020|154622|0.0
3020|772721|0.0
3020|575999|0.0
3020|52401|0.0
3020|579652|0.0
3020|472794|0.0
3020|820367|0.0
3020|790821|0.0
3020|410625|0.0
3020|42703|0.0
3020|447615|0.0
3020|175986|0.0
3020|613879|0.0
3020|695368|0.0
3020|587255|0.0
3020|660466|0.0
3020|483121|0.0
3020|121047|0.0
3020|297469|0.0
3020|343100|0.0
3020|421559|0.0
3020|287786|0.0
3020|244791|0.0
3020|139489|0.0
3020|251806|0.0
3020|189306|0.0
3020|65236|0.0
3020|96573|0.0
3020|805782|0.0
3020|791156|0.0
3020|329753|0.0
3020|626935|0.0
3020|524381|0.0
3020|392119|0.0
3020|55205|0.0
3020|781712|0.0
3020|452366|0.0
3020|104912|0.0
3020|816310|0.0
3020|180251|0.0
3020|720930|0.0
3020|428867|0.0
3020|569851|0.0
3020|377591|0.0
3020|262742|0.0
3020|126569|0.0
3020|370144|0.0
3020|306151|0.0
3020|313488|0.0
3021|287147|0.0
3021|89373|0.0
3021|494921|0.0
3021|780913|0.0
3021|257658|0.0
3021|381725|0.0
3021|581161|0.0
3021|233035|0.0
3021|562090|0.0
3021|94331|0.0
3021|820225|0.0
3021|175240|0.0
3021|123947|0.0
3021|739012|0.0
3021|803250|0.0
3021|213180|0.0
3021|158281|0.0
3021|51920|0.0
3021|162570|0.0
3021|510264|0.0
3021|79721|0.0
3021|566958|0.0
3021|542403|0.0
3021|151196|0.0
3021|168956|0.0
3021|168953|0.0
3021|796921|0.0
3021|561220|0.0
3021|561222|0.0
3021|822718|0.0
3021|435507|0.0
3021|140461|0.0
3021|514547|0.0
3021|176439|0.0
3021|122935|0.0
3021|596033|0.0
3021|111007|0.0
3021|361952|0.0
3021|834051|0.0
3021|560862|0.0
3021|307638|0.0
3021|341617|0.0
3021|29258|0.0
3021|731119|0.0
3021|543143|0.0
3021|105882|0.0
3021|769186|0.0
3021|440678|0.0
3021|551940|0.0
3021|535132|0.0
3021|153398|0.0
3021|654430|0.349056603774
3021|64905|0.357664233577
3021|198366|0.0
3021|390048|0.0
3021|392030|0.0583333333333
3021|249344|0.362068965517
3021|119898|0.333333333333
3021|807802|0.0
3021|552473|0.0
3021|435764|0.0
3021|114567|0.364864864865
3021|297558|0.0
3021|301927|0.340336134454
3021|326366|0.0
3021|301623|0.0583333333333
3021|253175|0.0
3021|366701|0.354545454545
3021|595584|0.340336134454
3021|462025|0.361445783133
3021|612451|0.0
3021|320618|0.0
3021|276745|0.3
3021|635074|0.36036036036
3021|291490|0.318965517241
3021|480143|0.0
3021|554769|0.352173913043
3021|641956|0.3
3021|549544|0.0
3021|366770|0.328571428571
3021|279814|0.0
3021|441137|0.0
3021|518929|0.0
3021|128569|0.333333333333
3021|133731|0.340336134454
3021|256957|0.0
3021|673134|0.0
3021|607265|0.328571428571
3021|223738|0.340336134454
3021|80647|0.0
3021|491076|0.353448275862
3021|78653|0.0
3021|515031|0.353448275862
3021|416768|0.341463414634
3021|406405|0.352678571429
3021|441022|0.0
3021|204512|0.333333333333
3021|65043|0.352173913043
3021|85618|0.328571428571
3021|182485|0.357664233577
3022|820223|0.0
3022|123948|0.0
3022|353816|0.0
3022|700696|0.0
3022|432994|0.0
3022|327702|0.0
3022|740152|0.0
3022|57702|0.0
3022|172689|0.0
3022|150744|0.0
3022|765716|0.0
3022|100763|0.0
3022|758511|0.0
3022|252387|0.0
3022|812457|0.0
3022|569720|0.0
3022|15948|0.0
3022|814160|0.0
3022|62574|0.0
3022|129031|0.0
3022|202690|0.0
3022|100287|0.0
3022|796593|0.0
3022|796590|0.0
3022|442952|0.0
3022|262002|0.0
3022|459518|0.0
3022|296978|0.0
3022|420650|0.0
3022|72081|0.0
3022|509756|0.0
3022|393321|0.0
3022|20110|0.0
3022|505612|0.0
3022|466324|0.0
3022|87591|0.0
3022|534917|0.0
3022|809005|0.0
3022|382079|0.0
3022|515934|0.0
3022|582230|0.0
3022|455518|0.0
3022|812676|0.0
3022|12342|0.0
3022|731957|0.0
3022|677232|0.0
3022|141609|0.0
3022|128836|0.0
3022|735659|0.0
3022|579657|0.0
3022|418880|0.0
3022|707201|0.0
3022|494387|0.0
3022|468817|0.0
3022|66136|0.0
3022|367282|0.0
3022|208596|0.0
3022|402093|0.0
3022|624101|0.0
3022|300068|0.0
3022|439956|0.0
3022|443590|0.0
3022|317568|0.0
3022|532529|0.0
3022|790487|0.0
3022|115819|0.0
3022|242939|0.0
3022|42426|0.0
3022|558606|0.0
3022|590603|0.0
3022|129912|0.0
3022|272704|0.0
3022|823936|0.0
3022|352546|0.0
3022|135878|0.0
3022|436877|0.0
3022|607070|0.0
3022|217011|0.0
3022|285237|0.0
3022|126371|0.0
3022|48604|0.0
3022|570125|0.0
3022|393170|0.0
3022|471216|0.0
3022|803762|0.0
3022|616559|0.0
3022|747967|0.0
3022|700179|0.0
3022|403081|0.0
3022|277012|0.0
3022|531620|0.0
3022|308388|0.0
3022|31570|0.0
3022|588566|0.0
3022|123099|0.0
3022|667894|0.0
3022|639274|0.0
3022|508110|0.0
3022|439928|0.0
3022|682622|0.0
3023|780305|0.0
3023|162233|0.0
3023|326073|0.0
3023|400758|0.0
3023|436717|0.0
3023|581093|0.0
3023|560301|0.0
3023|732258|0.0
3023|423623|0.0
3023|739027|0.0
3023|237092|0.0
3023|831811|0.0
3023|275433|0.0
3023|758691|0.0
3023|48168|0.0
3023|261232|0.0
3023|592069|0.0
3023|287326|0.0
3023|138588|0.0
3023|310923|0.0
3023|599726|0.0
3023|73822|0.0
3023|592025|0.0
3023|176213|0.0
3023|341504|0.0
3023|610121|0.0
3023|491026|0.0
3023|64004|0.0
3023|42172|0.0
3023|361902|0.0
3023|434404|0.0
3023|464936|0.0
3023|455102|0.0
3023|651939|0.0
3023|585648|0.0
3023|643222|0.0
3023|316830|0.0
3023|386850|0.0
3023|753278|0.0
3023|748004|0.0
3023|317176|0.0
3023|252120|0.0
3023|37564|0.0
3023|695960|0.0
3023|710499|0.0
3023|684635|0.0
3023|570615|0.0
3023|604758|0.0
3023|716390|0.0
3023|265279|0.0
3023|719108|0.0
3023|421655|0.0
3023|633141|0.0
3023|304052|0.0
3023|418052|0.0
3023|575893|0.0
3023|139125|0.0
3023|199777|0.0
3023|742605|0.0
3023|391507|0.0
3023|507539|0.0
3023|760718|0.0
3023|456806|0.0
3023|470443|0.0
3023|354138|0.0
3023|101326|0.0
3023|585013|0.0
3023|502511|0.0
3023|114606|0.0
3023|688355|0.0
3023|167285|0.0
3023|444682|0.0
3023|656049|0.0
3023|411914|0.0
3023|821369|0.0
3023|833594|0.0
3023|794495|0.0
3023|822327|0.0
3023|383306|0.0
3023|190884|0.0
3023|166241|0.0
3023|143840|0.0
3023|209653|0.0
3023|68702|0.0
3023|283487|0.0
3023|581847|0.0
3023|758933|0.0
3023|749563|0.0
3023|474885|0.0
3023|304569|0.0
3023|690997|0.0
3023|415930|0.0
3023|504077|0.0
3023|550221|0.0
3023|262187|0.0
3023|308363|0.0
3023|766320|0.0
3023|65778|0.0
3023|831527|0.0
3023|479413|0.0
3024|56086