6001|218092|0.0
6001|144201|0.0
6001|243899|0.0
6001|746931|0.0
6001|266373|0.0
6001|143202|0.0
6001|546051|0.0
6001|68998|0.0
6001|22665|0.0
6001|671429|0.0
6001|147081|0.0
6001|488823|0.0
6001|349474|0.0
6001|194454|0.0
6001|148903|0.0
6001|212322|0.0
6001|105533|0.0
6001|336994|0.0
6001|301668|0.0
6001|43510|0.0
6001|48320|0.0
6001|67623|0.0
6001|39799|0.0
6001|767223|0.0
6001|318247|0.0
6001|242912|0.0
6001|263580|0.0
6001|780973|0.0
6001|530288|0.0
6001|27062|0.0
6001|585052|0.0
6001|127616|0.0
6001|29413|0.0
6001|368667|0.0
6001|736397|0.0
6001|184525|0.0
6001|766689|0.0
6001|548902|0.0
6001|239829|0.0
6001|187747|0.0
6001|598560|0.0
6001|107760|0.0
6001|739418|0.0
6001|380425|0.0
6001|321846|0.0
6001|68259|0.0
6001|382111|0.0
6001|324528|0.0
6001|146117|0.0
6001|25512|0.0
6001|491260|0.413513513514
6001|428824|0.413513513514
6001|773233|0.270053475936
6001|105072|0.413513513514
6001|204610|0.425531914894
6001|14592|0.398936170213
6001|125461|0.408602150538
6001|212246|0.413513513514
6001|240701|0.413513513514
6001|662982|0.416267942584
6001|368842|0.413513513514
6001|285319|0.410511363636
6001|755689|0.363636363636
6001|491698|0.409793814433
6001|63489|0.332727272727
6001|68582|0.413513513514
6001|62989|0.270053475936
6001|205137|0.43023255814
6001|448020|0.413513513514
6001|748705|0.421487603306
6001|126094|0.421487603306
6001|762616|0.425531914894
6001|696962|0.430735930736
6001|186598|0.332727272727
6001|272453|0.421487603306
6001|689459|0.270053475936
6001|804380|0.427038626609
6001|348077|0.363636363636
6001|625186|0.413513513514
6001|645758|0.413513513514
6001|479791|0.413513513514
6001|51354|0.413513513514
6001|799506|0.413513513514
6001|744008|0.270053475936
6001|538207|0.398936170213
6001|258143|0.405080213904
6001|489931|0.414285714286
6001|453420|0.413513513514
6001|685596|0.414893617021
6001|117266|0.413513513514
6001|16111|0.413513513514
6001|194113|0.421487603306
6001|568370|0.413513513514
6001|466273|0.398936170213
6001|159431|0.413513513514
6001|386262|0.398936170213
6001|200432|0.413513513514
6001|583657|0.413513513514
6001|653005|0.332727272727
6001|295500|0.421487603306
6002|769619|0.0
6002|818361|0.0
6002|246705|0.0
6002|379549|0.0
6002|481530|0.0
6002|258311|0.0
6002|427864|0.0
6002|478526|0.0
6002|185373|0.0
6002|184545|0.0
6002|37763|0.0
6002|483543|0.0
6002|711207|0.0
6002|137586|0.0
6002|549916|0.0
6002|397226|0.0
6002|249399|0.0
6002|402311|0.0
6002|330669|0.0
6002|356147|0.0
6002|324992|0.0
6002|712563|0.0
6002|320847|0.0
6002|463941|0.0
6002|310526|0.0
6002|12595|0.0
6002|815132|0.0
6002|490993|0.0
6002|825179|0.0
6002|548416|0.0
6002|47449|0.0
6002|675397|0.0
6002|824664|0.0
6002|635486|0.0
6002|643726|0.0
6002|233549|0.0
6002|578581|0.0
6002|756217|0.0
6002|745937|0.0
6002|711657|0.0
6002|791995|0.0
6002|374010|0.0
6002|193457|0.0
6002|773246|0.0
6002|802656|0.0
6002|85972|0.0
6002|400487|0.0
6002|54616|0.0
6002|671963|0.0
6002|307146|0.0
6002|754015|0.488957055215
6002|508005|0.488957055215
6002|742720|0.488957055215
6002|617754|0.488957055215
6002|11181|0.464285714286
6002|60106|0.333333333333
6002|641311|0.488957055215
6002|632481|0.488957055215
6002|439147|0.488957055215
6002|804693|0.488957055215
6002|319905|0.488957055215
6002|96165|0.488957055215
6002|292728|0.488957055215
6002|360382|0.471014492754
6002|132255|0.484482758621
6002|384837|0.488957055215
6002|269080|0.0728155339806
6002|405396|0.488957055215
6002|673462|0.488957055215
6002|71879|0.488957055215
6002|398939|0.488957055215
6002|638177|0.488957055215
6002|513151|0.488957055215
6002|616279|0.488957055215
6002|435282|0.424657534247
6002|613047|0.488957055215
6002|367944|0.424657534247
6002|390296|0.472972972973
6002|224436|0.469202898551
6002|700254|0.424657534247
6002|590036|0.488957055215
6002|693505|0.488957055215
6002|752178|0.488957055215
6002|457980|0.488957055215
6002|721838|0.488957055215
6002|655481|0.0
6002|388102|0.469202898551
6002|476829|0.471014492754
6002|249327|0.480286738351
6002|362287|0.424657534247
6002|91766|0.478476821192
6002|682458|0.472727272727
6002|423216|0.424657534247
6002|506165|0.48631840796
6002|185753|0.333333333333
6002|333785|0.471014492754
6002|168768|0.477272727273
6002|360129|0.484482758621
6002|350503|0.484482758621
6002|158376|0.472972972973
6003|477876|0.0
6003|729444|0.0
6003|64736|0.0
6003|679061|0.0
6003|119997|0.0
6003|813609|0.0
6003|547608|0.0
6003|419878|0.0
6003|403269|0.0
6003|622575|0.0
6003|810975|0.0
6003|689664|0.0
6003|358668|0.0
6003|280100|0.0
6003|240548|0.0
6003|777674|0.0
6003|379726|0.0
6003|597125|0.0
6003|752888|0.0
6003|197261|0.0
6003|115919|0.0
6003|821688|0.0
6003|773236|0.0
6003|659373|0.0
6003|234141|0.0
6003|133886|0.0
6003|255626|0.0
6003|198823|0.0
6003|801542|0.0
6003|337645|0.0
6003|798920|0.0
6003|650860|0.0
6003|170212|0.0
6003|174072|0.0
6003|154865|0.0
6003|814547|0.0
6003|744871|0.0
6003|534019|0.0
6003|199407|0.0
6003|234049|0.0
6003|491506|0.0
6003|79522|0.0
6003|181848|0.0
6003|811460|0.0
6003|535982|0.0
6003|207042|0.0
6003|317168|0.0
6003|275781|0.0
6003|49053|0.0
6003|322143|0.0
6003|187663|0.0
6003|129037|0.0
6003|73658|0.0
6003|118176|0.0
6003|699002|0.0
6003|425696|0.0
6003|54940|0.0
6003|714076|0.0
6003|323226|0.0
6003|209191|0.0
6003|481737|0.0
6003|244138|0.0
6003|211639|0.0
6003|543709|0.0
6003|56137|0.0
6003|116259|0.0
6003|47429|0.0
6003|373889|0.0
6003|581606|0.0
6003|390248|0.0
6003|710217|0.0
6003|743371|0.0
6003|714470|0.0
6003|607992|0.0
6003|184110|0.0
6003|337442|0.0
6003|311870|0.0
6003|468551|0.0
6003|660963|0.0
6003|258451|0.0
6003|780089|0.0
6003|109811|0.0
6003|398151|0.0
6003|587860|0.0
6003|419406|0.0
6003|293678|0.0
6003|524753|0.0
6003|256056|0.0
6003|702906|0.0
6003|397809|0.0
6003|47666|0.0
6003|306171|0.0
6003|333409|0.0
6003|610425|0.0
6003|95215|0.0
6003|152662|0.0
6003|170558|0.0
6003|224169|0.0
6003|695283|0.0
6003|146854|0.0
6004|494924|0.0
6004|80270|0.0
6004|163503|0.0
6004|513053|0.0
6004|388672|0.0
6004|381727|0.0
6004|123277|0.0
6004|581163|0.0
6004|667794|0.0
6004|260316|0.0
6004|295064|0.0
6004|288180|0.0
6004|398694|0.0
6004|540515|0.0
6004|596032|0.0
6004|376113|0.0
6004|264686|0.0
6004|29253|0.0
6004|412347|0.0
6004|332918|0.0
6004|145055|0.0
6004|371839|0.0
6004|535136|0.0
6004|452812|0.0
6004|22197|0.0
6004|729447|0.0
6004|50298|0.0
6004|757775|0.0
6004|446161|0.0
6004|334432|0.0
6004|439930|0.0
6004|274259|0.0
6004|325885|0.0
6004|234600|0.0
6004|389135|0.0
6004|333644|0.0
6004|18601|0.0
6004|96371|0.0
6004|83009|0.0
6004|115332|0.0
6004|117645|0.0
6004|446290|0.0
6004|166068|0.0
6004|563114|0.0
6004|569721|0.0
6004|468813|0.0
6004|282396|0.0
6004|731678|0.0
6004|199618|0.0
6004|148497|0.0
6004|135751|0.200716845878
6004|433153|0.0
6004|627041|0.200716845878
6004|134246|0.200716845878
6004|246405|0.200716845878
6004|113222|0.200716845878
6004|66153|0.200716845878
6004|665110|0.0
6004|602218|0.200716845878
6004|243011|0.0
6004|768381|0.0957446808511
6004|362058|0.0957446808511
6004|40731|0.0
6004|202834|0.0
6004|415726|0.200716845878
6004|224748|0.0
6004|17400|0.0
6004|143243|0.0
6004|188737|0.200716845878
6004|257867|0.200716845878
6004|240040|0.200716845878
6004|85780|0.200716845878
6004|162100|0.200716845878
6004|171953|0.200716845878
6004|525840|0.0
6004|271610|0.0957446808511
6004|667833|0.0957446808511
6004|695840|0.0555555555556
6004|275675|0.0
6004|160050|0.0
6004|723020|0.0
6004|801200|0.0
6004|486792|0.0
6004|162137|0.0
6004|394152|0.0
6004|768491|0.0
6004|519589|0.0
6004|593948|0.0
6004|688320|0.0
6004|400306|0.0
6004|413420|0.0957446808511
6004|710049|0.0
6004|374660|0.0957446808511
6004|604220|0.0
6004|671622|0.0
6004|610689|0.0
6004|606683|0.0957446808511
6004|492205|0.0
6004|772914|0.0957446808511
6004|510668|0.0
6005|163507|0.0
6005|802876|0.0
6005|472272|0.0
6005|562091|0.0
6005|616286|0.0
6005|619956|0.0
6005|266557|0.0
6005|803376|0.0
6005|202523|0.0
6005|561225|0.0
6005|342832|0.0
6005|170499|0.0
6005|248168|0.0
6005|63158|0.0
6005|324708|0.0
6005|294276|0.0
6005|522016|0.0
6005|535135|0.0
6005|419126|0.0
6005|95270|0.0
6005|144204|0.0
6005|592250|0.0
6005|788512|0.0
6005|747507|0.0
6005|418152|0.0
6005|174414|0.0
6005|487129|0.0
6005|447115|0.0
6005|770720|0.0
6005|150742|0.0
6005|305421|0.0
6005|166066|0.0
6005|629213|0.0
6005|587454|0.0
6005|168376|0.0
6005|62577|0.0
6005|522914|0.0
6005|589627|0.0
6005|254085|0.0
6005|537432|0.0
6005|772726|0.0
6005|130988|0.0
6005|769004|0.0
6005|73656|0.0
6005|715631|0.0
6005|190161|0.0
6005|393323|0.0
6005|666189|0.0
6005|466323|0.0
6005|713378|0.0
6005|246203|0.0
6005|417682|0.0
6005|608149|0.0
6005|20117|0.0
6005|395957|0.0
6005|326191|0.0
6005|553004|0.0
6005|11713|0.0
6005|390222|0.0
6005|664553|0.0
6005|664673|0.0
6005|456185|0.0
6005|789664|0.0
6005|183703|0.0
6005|712855|0.0
6005|201188|0.0
6005|505895|0.0
6005|639026|0.0
6005|123060|0.0
6005|805929|0.0
6005|441448|0.0
6005|313692|0.0
6005|699200|0.0
6005|562943|0.0
6005|39659|0.0
6005|82514|0.0
6005|180258|0.0
6005|328090|0.0
6005|460280|0.0
6005|299973|0.0
6005|459254|0.0
6005|821596|0.0
6005|742129|0.0
6005|413987|0.0
6005|243972|0.0
6005|50473|0.0
6005|254146|0.0
6005|224064|0.0
6005|74219|0.0
6005|367497|0.0
6005|786520|0.0
6005|379644|0.0
6005|126788|0.0
6005|16631|0.0
6005|268027|0.0
6005|593193|0.0
6005|9057|0.0
6005|136705|0.0
6005|681646|0.0
6005|577201|0.0
6006|494924|0.0
6006|80270|0.0
6006|163503|0.0
6006|513053|0.0
6006|388672|0.0
6006|381727|0.0
6006|123277|0.0
6006|581163|0.0
6006|667794|0.0
6006|260316|0.0
6006|295064|0.0
6006|288180|0.0
6006|398694|0.0
6006|540515|0.0
6006|596032|0.0
6006|376113|0.0
6006|264686|0.0
6006|29253|0.0
6006|412347|0.0
6006|332918|0.0
6006|145055|0.0
6006|371839|0.0
6006|535136|0.0
6006|452812|0.0
6006|22197|0.0
6006|729447|0.0
6006|50298|0.0
6006|757775|0.0
6006|446161|0.0
6006|334432|0.0
6006|439930|0.0
6006|274259|0.0
6006|325885|0.0
6006|234600|0.0
6006|389135|0.0
6006|333644|0.0
6006|18601|0.0
6006|96371|0.0
6006|83009|0.0
6006|115332|0.0
6006|117645|0.0
6006|446290|0.0
6006|166068|0.0
6006|563114|0.0
6006|569721|0.0
6006|468813|0.0
6006|282396|0.0
6006|731678|0.0
6006|199618|0.0
6006|148497|0.0
6006|752162|0.0
6006|452069|0.0
6006|343703|0.0
6006|525177|0.0
6006|39566|0.0
6006|662179|0.0
6006|234726|0.0
6006|700707|0.0
6006|653975|0.0
6006|36078|0.0
6006|235209|0.0
6006|116479|0.0
6006|540416|0.0
6006|162396|0.0
6006|216644|0.0
6006|354114|0.0
6006|282350|0.0
6006|109631|0.0
6006|785733|0.0
6006|335477|0.0
6006|646592|0.0
6006|31949|0.0
6006|562864|0.0
6006|381879|0.0
6006|362510|0.0
6006|331551|0.0
6006|534412|0.0
6006|560301|0.0
6006|140518|0.0
6006|670660|0.0
6006|701017|0.0
6006|364808|0.0
6006|538185|0.0
6006|10734|0.0
6006|216722|0.0
6006|597238|0.0
6006|371796|0.0
6006|709404|0.0
6006|45190|0.0
6006|199979|0.0
6006|662275|0.0
6006|77668|0.0
6006|660171|0.0
6006|419888|0.0
6006|299348|0.0
6006|356952|0.0
6006|691175|0.0
6006|640619|0.0
6006|235827|0.0
6006|436814|0.0
6007|398636|0.138888888889
6007|595775|0.0
6007|817442|0.138888888889
6007|770980|0.138888888889
6007|715661|0.138888888889
6007|190879|0.138888888889
6007|166294|0.138888888889
6007|449396|0.138888888889
6007|636993|0.0
6007|819999|0.0
6007|47146|0.138888888889
6007|830449|0.138888888889
6007|480308|0.138888888889
6007|429654|0.138888888889
6007|343045|0.138888888889
6007|22568|0.138888888889
6007|738143|0.138888888889
6007|654451|0.0
6007|736258|0.138888888889
6007|713273|0.138888888889
6007|616943|0.0
6007|796022|0.138888888889
6007|549138|0.138888888889
6007|460417|0.138888888889
6007|47309|0.138888888889
6007|688631|0.138888888889
6007|444888|0.138888888889
6007|77054|0.138888888889
6007|225069|0.138888888889
6007|96588|0.138888888889
6007|64340|0.138888888889
6007|465916|0.138888888889
6007|832655|0.138888888889
6007|65619|0.0
6007|787938|0.138888888889
6007|155245|0.138888888889
6007|724626|0.138888888889
6007|487813|0.138888888889
6007|789905|0.138888888889
6007|516542|0.138888888889
6007|778497|0.138888888889
6007|806524|0.138888888889
6007|728443|0.0
6007|719893|0.0
6007|479791|0.102564102564
6007|346155|0.0
6007|358726|0.0
6007|56636|0.0
6007|23753|0.0
6007|818409|0.0
6007|555559|0.0
6007|517832|0.0
6007|775349|0.0
6007|238943|0.0
6007|244131|0.0
6007|73904|0.0
6007|589537|0.0
6007|114028|0.0
6007|101588|0.0
6007|66574|0.0
6007|63792|0.0
6007|408581|0.0
6007|502457|0.0
6007|314369|0.0
6007|218038|0.0
6007|217690|0.0
6007|17502|0.0
6007|90653|0.0
6007|556873|0.0
6007|351743|0.0
6007|689697|0.0
6007|672752|0.0
6007|699081|0.0
6007|209678|0.0
6007|24295|0.0
6007|431998|0.0
6007|282078|0.0
6007|682685|0.0
6007|436059|0.0
6007|827319|0.0
6007|724601|0.0
6007|344893|0.0
6007|372986|0.0
6007|163854|0.0
6007|538776|0.0
6007|433012|0.0
6007|692878|0.0
6007|390360|0.0
6007|34739|0.0
6007|792648|0.0
6007|237068|0.0
6007|452101|0.0
6007|769545|0.0
6007|574832|0.0
6007|113685|0.0
6007|63982|0.0
6007|513784|0.0
6007|342941|0.0
6007|358530|0.0
6007|634575|0.0
6008|554376|0.0
6008|828188|0.0
6008|89586|0.0
6008|381726|0.0
6008|609983|0.0
6008|773136|0.0
6008|265102|0.0
6008|218098|0.0
6008|667790|0.0
6008|398731|0.0
6008|693710|0.0
6008|158284|0.0
6008|539806|0.0
6008|806378|0.0
6008|413734|0.0
6008|266556|0.0
6008|803377|0.0
6008|796922|0.0
6008|618928|0.0
6008|381722|0.0
6008|191370|0.0
6008|289135|0.0
6008|29252|0.0
6008|412341|0.0
6008|190602|0.0
6008|223620|0.0
6008|590100|0.0
6008|832388|0.0
6008|506689|0.0
6008|291463|0.0
6008|339114|0.0
6008|332496|0.0
6008|211612|0.0
6008|672196|0.0
6008|161714|0.0
6008|357890|0.0
6008|461620|0.0
6008|471796|0.0
6008|593085|0.0
6008|140790|0.0
6008|610293|0.0
6008|43274|0.0
6008|392978|0.0
6008|16813|0.0
6008|483086|0.0
6008|229986|0.0
6008|503090|0.0
6008|288842|0.0
6008|814876|0.0
6008|187665|0.0
6008|780912|0.471563981043
6008|402253|0.471563981043
6008|563798|0.467821782178
6008|27463|0.462121212121
6008|279141|0.467821782178
6008|335297|0.46682464455
6008|500893|0.46682464455
6008|232835|0.467821782178
6008|647911|0.430555555556
6008|182127|0.467821782178
6008|585111|0.467821782178
6008|619313|0.44109947644
6008|21274|0.470731707317
6008|158104|0.467821782178
6008|734974|0.467821782178
6008|250260|0.467821782178
6008|459940|0.46682464455
6008|439527|0.46682464455
6008|662754|0.470731707317
6008|267853|0.467821782178
6008|492055|0.352422907489
6008|570500|0.0
6008|595504|0.470873786408
6008|267719|0.352422907489
6008|752990|0.470731707317
6008|540806|0.0
6008|171598|0.467980295567
6008|116921|0.470731707317
6008|38194|0.470731707317
6008|71305|0.46682464455
6008|398447|0.443717277487
6008|238315|0.470873786408
6008|489892|0.470731707317
6008|352519|0.0
6008|167487|0.456043956044
6008|99432|0.467821782178
6008|331143|0.470731707317
6008|786951|0.466019417476
6008|338053|0.467821782178
6008|262827|0.470731707317
6008|678634|0.467821782178
6008|83989|0.470731707317
6008|172710|0.470731707317
6008|481220|0.466019417476
6008|761079|0.470731707317
6008|329655|0.424715909091
6008|575830|0.470731707317
6008|115894|0.470731707317
6008|300085|0.46682464455
6008|343728|0.470873786408
6009|89375|0.0
6009|513050|0.0
6009|773132|0.0
6009|288185|0.0
6009|23718|0.0
6009|307637|0.0
6009|105889|0.0
6009|453029|0.0
6009|340046|0.0
6009|339119|0.0
6009|274302|0.0
6009|707205|0.0
6009|34201|0.0
6009|489425|0.0
6009|773759|0.0
6009|437295|0.0
6009|289615|0.0
6009|266378|0.0
6009|535896|0.0
6009|362018|0.0
6009|726494|0.0
6009|11539|0.0
6009|264758|0.0
6009|269671|0.0
6009|38183|0.0
6009|145978|0.0
6009|302284|0.0
6009|688452|0.0
6009|305246|0.0
6009|685871|0.0
6009|522235|0.0
6009|654435|0.0
6009|833707|0.0
6009|634324|0.0
6009|272325|0.0
6009|568761|0.0
6009|352380|0.0
6009|19238|0.0
6009|427907|0.0
6009|55369|0.0
6009|131794|0.0
6009|527442|0.0
6009|448138|0.0
6009|827059|0.0
6009|289971|0.0
6009|592515|0.0
6009|740994|0.0
6009|411314|0.0
6009|519143|0.0
6009|534370|0.0
6009|585073|0.0
6009|565501|0.0
6009|518244|0.0
6009|82536|0.0
6009|20893|0.0
6009|752563|0.0
6009|232977|0.0
6009|275320|0.0
6009|12726|0.0
6009|549818|0.0
6009|699908|0.0
6009|363265|0.0
6009|231969|0.0
6009|22407|0.0
6009|609256|0.0
6009|657322|0.0
6009|145419|0.0
6009|539889|0.0
6009|60958|0.0
6009|62925|0.0
6009|272748|0.0
6009|179196|0.0
6009|475627|0.0
6009|450890|0.0
6009|703184|0.0
6009|809469|0.0
6009|683459|0.0
6009|812728|0.0
6009|817834|0.0
6009|413651|0.0
6009|351860|0.0
6009|563452|0.0
6009|599706|0.0
6009|364512|0.0
6009|449131|0.0
6009|408893|0.0
6009|265260|0.0
6009|73126|0.0
6009|42999|0.0
6009|536308|0.0
6009|576031|0.0
6009|221020|0.0
6009|563749|0.0
6009|628630|0.0
6009|612069|0.0
6009|543151|0.0
6009|422939|0.0
6009|71142|0.0
6009|438807|0.0
6009|268557|0.0
6010|287149|0.0
6010|265105|0.0
6010|259478|0.0
6010|598195|0.0
6010|785552|0.0
6010|353811|0.0
6010|213185|0.0
6010|232223|0.0
6010|140460|0.0
6010|432996|0.0
6010|452819|0.0
6010|506684|0.0
6010|662775|0.0
6010|295514|0.0
6010|144207|0.0
6010|261815|0.0
6010|788519|0.0
6010|418150|0.0
6010|598190|0.0
6010|672197|0.0
6010|107424|0.0
6010|271519|0.0
6010|778306|0.0
6010|507954|0.0
6010|365738|0.0
6010|305423|0.0
6010|368228|0.0
6010|108086|0.0
6010|338560|0.0
6010|15940|0.0
6010|737003|0.0
6010|689549|0.0
6010|689543|0.0
6010|129036|0.0
6010|79728|0.0
6010|193728|0.0
6010|658405|0.0
6010|816050|0.0
6010|538129|0.0
6010|552876|0.0
6010|772724|0.0
6010|73653|0.0
6010|477965|0.0
6010|393437|0.0
6010|484640|0.0
6010|619736|0.0
6010|533676|0.0
6010|260139|0.0
6010|476910|0.0
6010|318507|0.0
6010|761977|0.0
6010|112256|0.0
6010|737884|0.0
6010|642201|0.0
6010|218171|0.0
6010|95435|0.0
6010|176644|0.0
6010|370767|0.0
6010|428412|0.0
6010|750640|0.0
6010|254803|0.0
6010|158984|0.0
6010|187598|0.0
6010|189136|0.0
6010|145210|0.0
6010|356004|0.0
6010|732258|0.0
6010|278887|0.0
6010|657260|0.0
6010|660742|0.0
6010|588765|0.0
6010|215425|0.0
6010|262521|0.0
6010|37203|0.0
6010|38923|0.0
6010|451770|0.0
6010|641829|0.0
6010|557122|0.0
6010|746209|0.0
6010|78686|0.0
6010|717624|0.0
6010|631138|0.0
6010|239412|0.0
6010|60058|0.0
6010|480403|0.0
6010|514088|0.0
6010|618557|0.0
6010|598327|0.0
6010|217179|0.0
6010|623115|0.0
6010|141338|0.0
6010|350058|0.0
6010|352880|0.0
6010|477794|0.0
6010|568297|0.0
6010|125972|0.0
6010|175038|0.0
6010|327354|0.0
6010|589777|0.0
6010|256214|0.0
6011|494311|0.0
6011|609980|0.0
6011|233033|0.0
6011|598199|0.0
6011|236904|0.0
6011|398732|0.0
6011|803254|0.0
6011|120626|0.0
6011|473602|0.0
6011|511821|0.0
6011|523246|0.0
6011|822712|0.0
6011|286648|0.0
6011|746280|0.0
6011|111004|0.0
6011|29255|0.0
6011|508103|0.0
6011|157853|0.0
6011|79664|0.0
6011|93866|0.0
6011|814568|0.0
6011|592258|0.0
6011|691659|0.0
6011|314587|0.0
6011|401477|0.0
6011|598191|0.0
6011|389139|0.0
6011|389133|0.0
6011|735518|0.0
6011|679060|0.0
6011|724285|0.0
6011|482045|0.0
6011|741250|0.0
6011|83008|0.0
6011|153390|0.0
6011|803655|0.0
6011|761816|0.0
6011|295465|0.0
6011|575471|0.0
6011|703601|0.0
6011|653029|0.0
6011|243893|0.0
6011|489422|0.0
6011|706440|0.0
6011|493753|0.0
6011|154624|0.0
6011|490475|0.0
6011|468815|0.0
6011|99623|0.0
6011|194737|0.0
6011|670398|0.0
6011|761700|0.0
6011|140463|0.0
6011|361956|0.0
6011|428332|0.0
6011|204012|0.0
6011|204015|0.0
6011|97747|0.0
6011|679060|0.0
6011|655556|0.0
6011|585073|0.0
6011|116419|0.0
6011|298736|0.0
6011|694198|0.0
6011|820882|0.0
6011|421111|0.0
6011|758896|0.0
6011|643612|0.0
6011|216423|0.0
6011|209268|0.0
6011|202694|0.0
6011|557344|0.0
6011|764970|0.0
6011|169074|0.0
6011|738354|0.0
6011|712918|0.0
6011|712915|0.0
6011|546053|0.0
6011|769004|0.0
6011|826138|0.0
6011|538835|0.0
6011|145973|0.0
6011|374208|0.0
6011|28660|0.0
6011|813067|0.0
6011|108466|0.0
6011|508364|0.0
6011|391659|0.0
6011|460337|0.0
6011|46392|0.0
6011|414369|0.0
6011|624267|0.0
6011|552252|0.0
6011|552259|0.0
6011|625079|0.0
6011|339984|0.0
6011|95988|0.0
6011|723110|0.0
6011|512257|0.0
6011|619191|0.0
6012|572084|0.0
6012|386845|0.0
6012|259474|0.0
6012|157244|0.0
6012|472277|0.0
6012|562095|0.0
6012|353260|0.0
6012|83639|0.0
6012|785556|0.0
6012|591281|0.0
6012|207099|0.0
6012|213184|0.0
6012|256479|0.0
6012|681934|0.0
6012|753373|0.0
6012|511826|0.0
6012|435505|0.0
6012|163335|0.0
6012|450730|0.0
6012|392673|0.0
6012|718588|0.0
6012|596039|0.0
6012|722149|0.0
6012|376117|0.0
6012|341616|0.0
6012|508102|0.0
6012|522013|0.0
6012|452818|0.0
6012|330900|0.0
6012|597222|0.0
6012|297445|0.0
6012|422495|0.0
6012|144209|0.0
6012|144205|0.0
6012|592252|0.0
6012|314588|0.0
6012|309650|0.0
6012|788517|0.0
6012|747509|0.0
6012|19057|0.0
6012|418157|0.0
6012|307882|0.0
6012|357896|0.0
6012|389130|0.0
6012|679066|0.0
6012|648802|0.0
6012|180352|0.0
6012|741254|0.0
6012|593083|0.0
6012|709737|0.0
6012|293476|0.4
6012|541570|0.4
6012|712964|0.4
6012|466404|0.4
6012|654479|0.4
6012|791106|0.0
6012|823036|0.4
6012|634700|0.4
6012|311392|0.4
6012|498828|0.4
6012|259392|0.0
6012|542663|0.0
6012|212029|0.4
6012|749817|0.0
6012|487813|0.0
6012|563728|0.4
6012|256334|0.4
6012|445815|0.4
6012|199099|0.4
6012|410420|0.4
6012|663581|0.4
6012|600473|0.4
6012|69942|0.4
6012|177500|0.4
6012|201695|0.0
6012|528614|0.0
6012|677782|0.0
6012|332809|0.4
6012|620997|0.0
6012|510276|0.0
6012|503792|0.0
6012|686222|0.4
6012|806123|0.4
6012|416506|0.0
6012|648096|0.4
6012|210339|0.4
6012|797802|0.4
6012|39066|0.4
6012|790728|0.4
6012|349505|0.4
6012|209725|0.0
6012|482109|0.4
6012|725046|0.4
6012|552017|0.4
6012|588658|0.0
6012|799545|0.4
6012|769475|0.0
6012|721763|0.0
6012|456313|0.0
6012|401562|0.0
6013|806376|0.0
6013|451079|0.0
6013|15941|0.0
6013|43636|0.0
6013|156078|0.0
6013|517265|0.0
6013|339984|0.0
6013|496148|0.0
6013|770555|0.0
6013|292023|0.0
6013|329153|0.0
6013|104097|0.0
6013|724502|0.0
6013|476684|0.0
6013|221474|0.0
6013|385698|0.0
6013|121266|0.0
6013|356590|0.0
6013|778452|0.0
6013|554955|0.0
6013|42995|0.0
6013|589535|0.0
6013|413075|0.0
6013|398754|0.0
6013|645608|0.0
6013|280616|0.0
6013|109196|0.0
6013|31001|0.0
6013|313752|0.0
6013|780455|0.0
6013|802615|0.0
6013|492442|0.0
6013|798325|0.0
6013|244112|0.0
6013|396606|0.0
6013|280373|0.0
6013|303091|0.0
6013|766219|0.0
6013|339773|0.0
6013|70398|0.0
6013|478395|0.0
6013|705253|0.0
6013|739331|0.0
6013|281416|0.0
6013|759951|0.0
6013|181700|0.0
6013|672939|0.0
6013|453089|0.0
6013|261438|0.0
6013|216001|0.0
6013|630982|0.0
6013|212541|0.0
6013|534172|0.0
6013|30067|0.0
6013|181609|0.0
6013|51423|0.0
6013|428807|0.0
6013|497256|0.0
6013|164598|0.0
6013|112654|0.0
6013|165833|0.0
6013|583421|0.0
6013|329364|0.0
6013|376968|0.0
6013|788492|0.0
6013|14652|0.0
6013|34694|0.0
6013|136787|0.0
6013|360935|0.0
6013|180825|0.0
6013|308298|0.0
6013|97918|0.0
6013|772645|0.0
6013|750202|0.0
6013|23182|0.0
6013|791681|0.0
6013|548210|0.0
6013|762814|0.0
6013|391087|0.0
6013|588284|0.0
6013|472282|0.0
6013|564927|0.0
6013|326377|0.0
6013|582558|0.0
6013|284798|0.0
6013|229656|0.0
6013|574756|0.0
6013|85933|0.0
6013|563350|0.0
6013|210002|0.0
6013|633517|0.0
6013|374392|0.0
6013|174817|0.0
6013|493812|0.0
6013|165407|0.0
6013|283979|0.0
6013|325644|0.0
6013|65100|0.0
6013|162471|0.0
6013|503521|0.0
6014|723070|0.0
6014|260781|0.0
6014|523302|0.0
6014|447033|0.0
6014|61605|0.0
6014|121818|0.0
6014|502473|0.0
6014|507079|0.0
6014|33652|0.0
6014|810452|0.0
6014|199364|0.0
6014|589933|0.0
6014|629727|0.0
6014|255219|0.0
6014|717660|0.0
6014|491696|0.0
6014|476632|0.0
6014|344656|0.0
6014|351843|0.0
6014|94612|0.0
6014|762781|0.0
6014|316598|0.0
6014|202896|0.0
6014|39995|0.0
6014|432844|0.0
6014|283184|0.0
6014|387223|0.0
6014|43547|0.0
6014|813074|0.0
6014|257508|0.0
6014|129264|0.0
6014|327066|0.0
6014|42118|0.0
6014|32637|0.0
6014|599495|0.0
6014|688081|0.0
6014|596067|0.0
6014|675116|0.0
6014|338910|0.0
6014|198894|0.0
6014|62918|0.0
6014|644008|0.0
6014|248512|0.0
6014|580139|0.0
6014|188629|0.0
6014|730530|0.0
6014|391887|0.0
6014|278748|0.0
6014|372033|0.0
6014|665059|0.0
6014|730862|0.0
6014|519565|0.0
6014|677237|0.0
6014|715460|0.0
6014|209979|0.0
6014|486087|0.0
6014|253670|0.0
6014|245029|0.0
6014|756002|0.0
6014|488828|0.0
6014|622759|0.0
6014|636709|0.0
6014|658300|0.0
6014|331372|0.0
6014|249619|0.0
6014|676707|0.0
6014|158493|0.0
6014|421536|0.0
6014|229169|0.0
6014|346181|0.0
6014|526426|0.0
6014|717458|0.0
6014|598283|0.0
6014|502335|0.0
6014|543701|0.0
6014|505635|0.0
6014|513578|0.0
6014|705173|0.0
6014|713575|0.0
6014|498943|0.0
6014|535763|0.0
6014|444453|0.0
6014|760963|0.0
6014|145806|0.0
6014|233682|0.0
6014|794443|0.0
6014|710953|0.0
6014|519066|0.0
6014|419701|0.0
6014|107961|0.0
6014|727212|0.0
6014|64440|0.0
6014|9554|0.0
6014|186841|0.0
6014|696231|0.0
6014|425962|0.0
6014|343226|0.0
6014|423365|0.0
6014|456802|0.0
6014|210439|0.0
6015|185919|0.0
6015|41520|0.0
6015|787486|0.0526315789474
6015|758994|0.0
6015|309870|0.0
6015|441588|0.0
6015|615815|0.0
6015|96964|0.0526315789474
6015|59077|0.0
6015|688230|0.0
6015|705614|0.0526315789474
6015|270475|0.0921052631579
6015|316716|0.0
6015|179932|0.0
6015|86057|0.0
6015|710635|0.0
6015|473376|0.0526315789474
6015|74585|0.0
6015|797200|0.0921052631579
6015|654827|0.0
6015|374724|0.0921052631579
6015|625304|0.0
6015|582697|0.0
6015|489685|0.0
6015|550020|0.0921052631579
6015|121519|0.0
6015|292558|0.0526315789474
6015|696825|0.0483870967742
6015|675085|0.0
6015|585146|0.0
6015|785250|0.0
6015|250085|0.0921052631579
6015|437793|0.0
6015|307294|0.0526315789474
6015|296700|0.0
6015|188027|0.0
6015|514684|0.0
6015|33240|0.0
6015|181750|0.0
6015|263412|0.0526315789474
6015|617580|0.0
6015|766014|0.0
6015|818441|0.0
6015|310098|0.0
6015|302789|0.0
6015|695724|0.0
6015|88254|0.0
6015|277667|0.0
6015|344361|0.0
6015|672564|0.0526315789474
6015|727610|0.465579710145
6015|22126|0.465579710145
6015|150285|0.457564575646
6015|529862|0.477876106195
6015|696265|0.465986394558
6015|433868|0.418502202643
6015|122039|0.422907488987
6015|217381|0.422907488987
6015|556630|0.464015151515
6015|504802|0.477659574468
6015|719180|0.424311926606
6015|367126|0.435064935065
6015|622445|0.450549450549
6015|506827|0.435064935065
6015|334509|0.422907488987
6015|141472|0.422907488987
6015|813597|0.462962962963
6015|330964|0.465579710145
6015|576149|0.422907488987
6015|620331|0.447643979058
6015|423073|0.435064935065
6015|703777|0.498587570621
6015|583745|0.477876106195
6015|598847|0.460486322188
6015|68542|0.464015151515
6015|157876|0.475460122699
6015|258940|0.477659574468
6015|141767|0.333333333333
6015|334788|0.422907488987
6015|830033|0.505411255411
6015|655975|0.435064935065
6015|13903|0.498587570621
6015|721517|0.450549450549
6015|757494|0.465579710145
6015|154654|0.465579710145
6015|532314|0.435064935065
6015|586012|0.0
6015|566465|0.505411255411
6015|210643|0.422907488987
6015|67468|0.472466960352
6015|734077|0.505411255411
6015|13231|0.505411255411
6015|316203|0.435064935065
6015|562200|0.462962962963
6015|37365|0.477876106195
6015|695363|0.465579710145
6015|449875|0.460648148148
6015|743738|0.498587570621
6015|283540|0.452830188679
6015|733608|0.458333333333
6016|287144|0.0
6016|89589|0.0
6016|381724|0.0
6016|109858|0.0
6016|619951|0.0
6016|38568|0.0
6016|820752|0.0
6016|591284|0.0
6016|190785|0.0
6016|152279|0.0
6016|79729|0.0
6016|368963|0.0
6016|822713|0.0
6016|435504|0.0
6016|718585|0.0
6016|310303|0.0
6016|310308|0.0
6016|223622|0.0
6016|330904|0.0
6016|467535|0.0
6016|441469|0.0
6016|47940|0.0
6016|190075|0.0
6016|211614|0.0
6016|735514|0.0
6016|57704|0.0
6016|271515|0.0
6016|447116|0.0
6016|593084|0.0
6016|77605|0.0
6016|70926|0.0
6016|86554|0.0
6016|649207|0.0
6016|61746|0.0
6016|388057|0.0
6016|117647|0.0
6016|497857|0.0
6016|573366|0.0
6016|368223|0.0
6016|192855|0.0
6016|409173|0.0
6016|820886|0.0
6016|569724|0.0
6016|240223|0.0
6016|8667|0.0
6016|48709|0.0
6016|428084|0.0
6016|316794|0.0
6016|406191|0.0
6016|386746|0.0
6016|557341|0.377192982456
6016|663601|0.352941176471
6016|487349|0.367857142857
6016|343269|0.325688073394
6016|176954|0.377192982456
6016|16615|0.375
6016|765114|0.375
6016|26854|0.377192982456
6016|350802|0.36496350365
6016|325576|0.342105263158
6016|122235|0.325688073394
6016|85909|0.325688073394
6016|113604|0.374149659864
6016|332031|0.325688073394
6016|195863|0.325688073394
6016|705378|0.375
6016|449474|0.367857142857
6016|784678|0.373134328358
6016|637705|0.314432989691
6016|261880|0.325688073394
6016|115675|0.342105263158
6016|79338|0.373188405797
6016|734505|0.377192982456
6016|145396|0.36496350365
6016|750304|0.3
6016|473944|0.370503597122
6016|335504|0.0
6016|367379|0.377192982456
6016|177881|0.342105263158
6016|590134|0.325688073394
6016|565717|0.36496350365
6016|378184|0.377192982456
6016|30844|0.342105263158
6016|234381|0.377192982456
6016|173562|0.36974789916
6016|520285|0.377192982456
6016|311229|0.325688073394
6016|630797|0.373188405797
6016|625084|0.36496350365
6016|97250|0.342105263158
6016|619427|0.36496350365
6016|790910|0.36496350365
6016|135392|0.342105263158
6016|628092|0.3
6016|376234|0.342105263158
6016|632395|0.342105263158
6016|789811|0.325688073394
6016|384047|0.325688073394
6016|509809|0.325688073394
6016|828243|0.375
6017|47185|0.403614457831
6017|445045|0.42619047619
6017|237971|0.420529801325
6017|198002|0.421641791045
6017|743937|0.420529801325
6017|633005|0.388888888889
6017|820941|0.416184971098
6017|45172|0.409836065574
6017|205970|0.420529801325
6017|322623|0.39527027027
6017|572480|0.401639344262
6017|33275|0.409836065574
6017|78804|0.421641791045
6017|527836|0.427586206897
6017|333205|0.415151515152
6017|534515|0.424157303371
6017|385428|0.421568627451
6017|180990|0.420529801325
6017|362758|0.424581005587
6017|685580|0.417682926829
6017|542107|0.424581005587
6017|541692|0.401639344262
6017|610869|0.0408163265306
6017|27162|0.424581005587
6017|609837|0.409836065574
6017|145909|0.424581005587
6017|47179|0.426966292135
6017|241161|0.409836065574
6017|609207|0.423076923077
6017|549745|0.408823529412
6017|448526|0.0
6017|285979|0.42619047619
6017|287011|0.42619047619
6017|557219|0.409836065574
6017|682808|0.4140625
6017|38031|0.424581005587
6017|518931|0.424581005587
6017|412286|0.388888888889
6017|482700|0.409836065574
6017|410876|0.427586206897
6017|453166|0.42619047619
6017|830798|0.4140625
6017|25905|0.425414364641
6017|427754|0.409482758621
6017|127333|0.424581005587
6017|708911|0.4140625
6017|639297|0.423780487805
6017|469502|0.424581005587
6017|138472|0.425
6017|376654|0.208955223881
6017|243417|0.0535714285714
6017|616720|0.0535714285714
6017|465365|0.0535714285714
6017|689321|0.0535714285714
6017|110013|0.0
6017|66555|0.0535714285714
6017|192335|0.0535714285714
6017|109883|0.0535714285714
6017|676556|0.0535714285714
6017|542087|0.0535714285714
6017|335472|0.0535714285714
6017|165115|0.0535714285714
6017|264077|0.0535714285714
6017|474551|0.0535714285714
6017|176568|0.0535714285714
6017|459922|0.0535714285714
6017|58599|0.0535714285714
6017|283249|0.0535714285714
6017|448494|0.0535714285714
6017|728827|0.0535714285714
6017|676513|0.0
6017|306750|0.0535714285714
6017|411189|0.0535714285714
6017|52839|0.0535714285714
6017|157490|0.0535714285714
6017|140940|0.0535714285714
6017|766120|0.0535714285714
6017|437853|0.0535714285714
6017|30006|0.0535714285714
6017|287603|0.0535714285714
6017|618665|0.0535714285714
6017|275379|0.0535714285714
6017|44599|0.0535714285714
6017|323385|0.0535714285714
6017|610869|0.0
6017|11968|0.0535714285714
6017|737182|0.0535714285714
6017|254606|0.0535714285714
6017|713680|0.0535714285714
6017|367624|0.0535714285714
6017|776936|0.0
6017|772906|0.0
6017|25247|0.0
6017|448526|0.0
6017|624989|0.0
6017|273425|0.0
6017|473818|0.0
6017|516455|0.0
6017|749996|0.0
6017|581049|0.0
6018|780304|0.0
6018|250813|0.0
6018|803373|0.0
6018|511824|0.0
6018|450738|0.0
6018|111005|0.0
6018|294279|0.0
6018|650930|0.0
6018|337243|0.0
6018|418886|0.0
6018|729268|0.0
6018|274300|0.0
6018|692534|0.0
6018|486967|0.0
6018|826796|0.0
6018|174411|0.0
6018|816451|0.0
6018|113020|0.0
6018|278823|0.0
6018|520475|0.0
6018|746578|0.0
6018|491966|0.0
6018|34200|0.0
6018|420037|0.0
6018|535220|0.0
6018|150748|0.0
6018|573361|0.0
6018|93743|0.0
6018|715741|0.0
6018|468817|0.0
6018|28264|0.0
6018|758895|0.0
6018|48701|0.0
6018|308621|0.0
6018|799794|0.0
6018|543762|0.0
6018|283724|0.0
6018|98831|0.0
6018|146997|0.0
6018|146990|0.0
6018|439356|0.0
6018|378678|0.0
6018|738359|0.0
6018|383592|0.0
6018|99987|0.0
6018|687735|0.0
6018|67508|0.0
6018|142214|0.0
6018|352387|0.0
6018|107649|0.0
6018|497171|0.0
6018|826845|0.0
6018|713619|0.0
6018|405617|0.0
6018|43473|0.0921052631579
6018|257572|0.0921052631579
6018|402070|0.119565217391
6018|135919|0.13
6018|416531|0.0
6018|218598|0.0921052631579
6018|65212|0.0
6018|551171|0.2
6018|335292|0.0
6018|108721|0.0
6018|712444|0.0238095238095
6018|481619|0.0
6018|302511|0.0
6018|499478|0.0
6018|502412|0.0921052631579
6018|68090|0.0
6018|327092|0.0
6018|726479|0.0666666666667
6018|822765|0.0
6018|353567|0.0
6018|825092|0.163043478261
6018|287564|0.0
6018|65801|0.047619047619
6018|77573|0.0
6018|482950|0.0
6018|784195|0.0
6018|742959|0.0
6018|585181|0.0
6018|206949|0.0
6018|706695|0.182692307692
6018|80830|0.218181818182
6018|391786|0.0
6018|745398|0.0
6018|274652|0.0238095238095
6018|731733|0.0
6018|582624|0.0238095238095
6018|730578|0.0238095238095
6018|428315|0.196078431373
6018|496027|0.0238095238095
6018|811929|0.0
6018|287632|0.0
6018|532658|0.0
6018|477170|0.0
6018|621485|0.0238095238095
6018|778907|0.0
6018|214190|0.0921052631579
6019|295464|0.0
6019|238094|0.0
6019|547862|0.0
6019|732418|0.0
6019|698440|0.0
6019|502234|0.0
6019|385742|0.0
6019|209734|0.0
6019|325513|0.0
6019|822480|0.0
6019|718551|0.0
6019|12859|0.0
6019|292690|0.0
6019|212936|0.0
6019|519204|0.0
6019|327176|0.0
6019|218559|0.0
6019|533092|0.0
6019|524937|0.0
6019|818651|0.0
6019|579871|0.030303030303
6019|589753|0.0
6019|549507|0.0
6019|701186|0.030303030303
6019|745935|0.0
6019|584261|0.0
6019|502875|0.116279069767
6019|14829|0.0
6019|358628|0.0
6019|170843|0.0
6019|313746|0.104651162791
6019|723747|0.0
6019|444970|0.0
6019|604773|0.0
6019|347962|0.0
6019|698438|0.0
6019|672290|0.0
6019|751106|0.0
6019|229878|0.0
6019|827848|0.0
6019|13228|0.0
6019|223294|0.0
6019|253391|0.0
6019|300494|0.0
6019|638326|0.0
6019|458388|0.0
6019|453182|0.0
6019|412013|0.0
6019|526091|0.0
6019|368746|0.0
6019|178678|0.0
6019|73076|0.0625
6019|758637|0.0
6019|136609|0.0
6019|696313|0.0
6019|664147|0.0
6019|36775|0.0
6019|63772|0.0
6019|695097|0.0
6019|680453|0.111111111111
6019|224125|0.0
6019|445384|0.0
6019|207691|0.0
6019|281625|0.0
6019|558680|0.0
6019|66930|0.111111111111
6019|813350|0.0
6019|461909|0.0
6019|628339|0.111111111111
6019|316598|0.0
6019|526830|0.0
6019|714346|0.0
6019|383652|0.0
6019|493884|0.0
6019|712088|0.0
6019|643987|0.0
6019|273088|0.111111111111
6019|801597|0.0
6019|134844|0.0
6019|375906|0.0
6019|698535|0.0
6019|162794|0.0
6019|458061|0.0
6019|765187|0.0
6019|535115|0.0
6019|11696|0.0
6019|623447|0.0
6019|200464|0.0
6019|191965|0.0
6019|401046|0.0
6019|28785|0.0
6019|582025|0.0
6019|434038|0.0
6019|252752|0.0
6019|653340|0.0
6019|568815|0.0
6019|597140|0.0
6019|673190|0.0
6019|95453|0.0
6019|357976|0.0
6020|105884|0.277027027027
6020|161710|0.272151898734
6020|394916|0.277027027027
6020|444272|0.277027027027
6020|661719|0.277027027027
6020|795980|0.277027027027
6020|218282|0.277027027027
6020|705671|0.277027027027
6020|701739|0.277027027027
6020|120567|0.277027027027
6020|528267|0.277027027027
6020|610768|0.277027027027
6020|637390|0.0
6020|722181|0.277027027027
6020|356701|0.277027027027
6020|517815|0.277027027027
6020|352403|0.0
6020|190874|0.277027027027
6020|113123|0.277027027027
6020|829264|0.277027027027
6020|797917|0.277027027027
6020|625192|0.277027027027
6020|466725|0.277027027027
6020|235842|0.277027027027
6020|405636|0.277027027027
6020|74936|0.277027027027
6020|42423|0.277027027027
6020|690449|0.277027027027
6020|23150|0.277027027027
6020|456901|0.277027027027
6020|505039|0.277027027027
6020|321729|0.277027027027
6020|203817|0.277027027027
6020|169772|0.277027027027
6020|276597|0.277027027027
6020|741378|0.277027027027
6020|422283|0.277027027027
6020|80809|0.277027027027
6020|136492|0.0416666666667
6020|446945|0.0416666666667
6020|526627|0.0
6020|410106|0.0
6020|562831|0.0
6020|834861|0.0
6020|768225|0.25
6020|380459|0.2625
6020|108177|0.0
6020|324887|0.0
6020|302798|0.235294117647
6020|802136|0.0
6020|158286|0.0
6020|14818|0.0
6020|360429|0.0
6020|606457|0.0
6020|52203|0.0
6020|705516|0.0
6020|637390|0.0
6020|692665|0.0
6020|126293|0.0
6020|84006|0.0
6020|96961|0.0
6020|174555|0.0
6020|425637|0.0
6020|421557|0.0
6020|190400|0.0
6020|750280|0.0
6020|567806|0.0
6020|766122|0.0
6020|399180|0.0
6020|342468|0.0
6020|556161|0.0
6020|520334|0.0
6020|657700|0.0
6020|622145|0.0
6020|563814|0.0
6020|788406|0.0
6020|598647|0.0
6020|798022|0.0
6020|315902|0.0
6020|238004|0.0
6020|322023|0.0
6020|719296|0.0
6020|358880|0.0
6020|479412|0.0
6020|519754|0.0
6020|833030|0.0
6020|131859|0.0
6020|513930|0.0
6020|99412|0.0
6020|171110|0.0
6020|566639|0.0
6020|215092|0.0
6020|482495|0.0
6020|449177|0.0
6020|355036|0.0
6020|518310|0.0
6020|578115|0.0
6020|21390