2557|778285|0.0
2557|494929|0.0
2557|494920|0.0
2557|494925|0.0
2557|494926|0.0
2557|494310|0.0
2557|545962|0.0
2557|554374|0.0
2557|168086|0.0
2557|719203|0.0
2557|513059|0.0
2557|513052|0.0
2557|513054|0.0
2557|513055|0.0
2557|303233|0.0
2557|388671|0.0
2557|532448|0.0
2557|572083|0.0
2557|773131|0.0
2557|309429|0.0
2557|265104|0.0
2557|233032|0.0
2557|233034|0.0
2557|596922|0.0
2557|596924|0.0
2557|157248|0.0
2557|130894|0.0
2557|345891|0.0
2557|230718|0.0
2557|667799|0.0
2557|619952|0.0
2557|726082|0.0
2557|820224|0.0
2557|170911|0.0
2557|320297|0.0
2557|236906|0.0
2557|246206|0.0
2557|246207|0.0
2557|739015|0.0
2557|323985|0.0
2557|693714|0.0
2557|785559|0.0
2557|451992|0.0
2557|539802|0.0
2557|250816|0.0
2557|665912|0.0
2557|162574|0.0
2557|162579|0.0
2557|579720|0.0
2557|190783|0.0
2557|752161|0.5
2557|58026|0.5
2557|51109|0.5
2557|395750|0.585365853659
2557|569025|0.5
2557|680482|0.487179487179
2557|690262|0.5
2557|616741|0.5
2557|316635|0.0
2557|26851|0.487179487179
2557|53617|0.487179487179
2557|729727|0.585365853659
2557|700742|0.5
2557|314364|0.176470588235
2557|129729|0.147058823529
2557|581470|0.5
2557|201993|0.487179487179
2557|356761|0.538461538462
2557|542843|0.5
2557|813374|0.487179487179
2557|574046|0.581818181818
2557|536726|0.5
2557|339262|0.5
2557|17844|0.5
2557|129002|0.5
2557|494463|0.5
2557|393472|0.395348837209
2557|784137|0.549019607843
2557|795427|0.5
2557|582965|0.454545454545
2557|519735|0.5
2557|538825|0.5
2557|780278|0.487179487179
2557|468822|0.5
2557|572490|0.555555555556
2557|364152|0.487179487179
2557|467480|0.5
2557|631482|0.439024390244
2557|695537|0.5
2557|130849|0.5
2557|825610|0.487179487179
2557|800527|0.5
2557|703586|0.5
2557|343494|0.0769230769231
2557|111466|0.5
2557|184222|0.5
2557|121297|0.5
2557|799248|0.581818181818
2557|201023|0.5
2557|457401|0.487179487179
1293|778285|0.0
1293|494929|0.0
1293|494920|0.0
1293|494925|0.0
1293|494926|0.0
1293|494310|0.0
1293|545962|0.0
1293|554374|0.0
1293|168086|0.0
1293|719203|0.0
1293|513059|0.0
1293|513052|0.0
1293|513054|0.0
1293|513055|0.0
1293|303233|0.0
1293|388671|0.0
1293|532448|0.0
1293|572083|0.0
1293|773131|0.0
1293|309429|0.0
1293|265104|0.0
1293|233032|0.0
1293|233034|0.0
1293|596922|0.0
1293|596924|0.0
1293|157248|0.0
1293|130894|0.0
1293|345891|0.0
1293|230718|0.0
1293|667799|0.0
1293|619952|0.0
1293|726082|0.0
1293|820224|0.0
1293|170911|0.0
1293|320297|0.0
1293|236906|0.0
1293|246206|0.0
1293|246207|0.0
1293|739015|0.0
1293|323985|0.0
1293|693714|0.0
1293|785559|0.0
1293|451992|0.0
1293|539802|0.0
1293|250816|0.0
1293|665912|0.0
1293|162574|0.0
1293|162579|0.0
1293|579720|0.0
1293|190783|0.0
1293|26568|0.0
1293|547024|0.0
1293|315079|0.0
1293|256491|0.0
1293|580468|0.0
1293|255994|0.0
1293|43396|0.0
1293|712394|0.0
1293|320477|0.0
1293|786512|0.0
1293|108202|0.0
1293|31680|0.0
1293|487280|0.0
1293|693334|0.0
1293|675247|0.0
1293|475344|0.0
1293|336530|0.0
1293|210415|0.0
1293|116496|0.0
1293|176742|0.0
1293|704575|0.0
1293|170354|0.0
1293|773489|0.0
1293|363881|0.0
1293|97938|0.0
1293|92767|0.0
1293|304996|0.0
1293|606398|0.0
1293|769467|0.0
1293|792490|0.0
1293|679637|0.0
1293|789791|0.0
1293|78880|0.0
1293|400228|0.0
1293|356205|0.0
1293|80519|0.0
1293|141262|0.0
1293|50360|0.0
1293|333590|0.0
1293|544752|0.0
1293|158187|0.0
1293|55454|0.0
1293|94031|0.0
1293|387509|0.0
1293|796584|0.0
1293|773942|0.0
1293|273594|0.0
1293|677125|0.0
1293|730286|0.0
1293|709743|0.0
2300|778285|0.0
2300|494929|0.0
2300|494920|0.0
2300|494925|0.0
2300|494926|0.0
2300|494310|0.0
2300|545962|0.0
2300|554374|0.0
2300|168086|0.0
2300|719203|0.0
2300|513059|0.0
2300|513052|0.0
2300|513054|0.0
2300|513055|0.0
2300|303233|0.0
2300|388671|0.0
2300|532448|0.0
2300|572083|0.0
2300|773131|0.0
2300|309429|0.0
2300|265104|0.0
2300|233032|0.0
2300|233034|0.0
2300|596922|0.0
2300|596924|0.0
2300|157248|0.0
2300|130894|0.0
2300|345891|0.0
2300|230718|0.0
2300|667799|0.0
2300|619952|0.0
2300|726082|0.0
2300|820224|0.0
2300|170911|0.0
2300|320297|0.0
2300|236906|0.0
2300|246206|0.0
2300|246207|0.0
2300|739015|0.0
2300|323985|0.0
2300|693714|0.0
2300|785559|0.0
2300|451992|0.0
2300|539802|0.0
2300|250816|0.0
2300|665912|0.0
2300|162574|0.0
2300|162579|0.0
2300|579720|0.0
2300|190783|0.0
2300|406198|0.405063291139
2300|773355|0.405063291139
2300|28502|0.405063291139
2300|520399|0.405063291139
2300|496904|0.405063291139
2300|273055|0.405063291139
2300|291424|0.405063291139
2300|12445|0.405063291139
2300|274509|0.405063291139
2300|664661|0.405063291139
2300|399430|0.0
2300|330662|0.405063291139
2300|361653|0.405063291139
2300|142771|0.405063291139
2300|716066|0.405063291139
2300|326756|0.405063291139
2300|468041|0.405063291139
2300|283826|0.0
2300|562276|0.405063291139
2300|800859|0.405063291139
2300|44353|0.405063291139
2300|758198|0.405063291139
2300|818957|0.405063291139
2300|427928|0.405063291139
2300|656356|0.405063291139
2300|140592|0.405063291139
2300|544774|0.405063291139
2300|272514|0.405063291139
2300|785916|0.405063291139
2300|407219|0.405063291139
2300|264673|0.405063291139
2300|606125|0.405063291139
2300|290887|0.405063291139
2300|658510|0.0
2300|161528|0.405063291139
2300|431211|0.405063291139
2300|765008|0.405063291139
2300|685255|0.405063291139
2300|41637|0.405063291139
2300|437283|0.405063291139
2300|688798|0.405063291139
2300|764274|0.405063291139
2300|696586|0.405063291139
2300|611086|0.405063291139
2300|398142|0.405063291139
2300|569840|0.405063291139
2300|332167|0.0
2300|230356|0.0
2300|606379|0.0
2300|586211|0.261904761905
337|778285|0.0
337|494929|0.0
337|494920|0.0
337|494925|0.0
337|494926|0.0
337|494310|0.0
337|545962|0.0
337|554374|0.0
337|168086|0.0
337|719203|0.0
337|513059|0.0
337|513052|0.0
337|513054|0.0
337|513055|0.0
337|303233|0.0
337|388671|0.0
337|532448|0.0
337|572083|0.0
337|773131|0.0
337|309429|0.0
337|265104|0.0
337|233032|0.0
337|233034|0.0
337|596922|0.0
337|596924|0.0
337|157248|0.0
337|130894|0.0
337|345891|0.0
337|230718|0.0
337|667799|0.0
337|619952|0.0
337|726082|0.0
337|820224|0.0
337|170911|0.0
337|320297|0.0
337|236906|0.0
337|246206|0.0
337|246207|0.0
337|739015|0.0
337|323985|0.0
337|693714|0.0
337|785559|0.0
337|451992|0.0
337|539802|0.0
337|250816|0.0
337|665912|0.0
337|162574|0.0
337|162579|0.0
337|579720|0.0
337|190783|0.0
337|629874|0.241379310345
337|430054|0.241379310345
337|283001|0.241379310345
337|660687|0.241379310345
337|356923|0.241379310345
337|673119|0.241379310345
337|173888|0.241379310345
337|539766|0.241379310345
337|700816|0.241379310345
337|142256|0.241379310345
337|636430|0.241379310345
337|299992|0.241379310345
337|755189|0.241379310345
337|43110|0.241379310345
337|714558|0.241379310345
337|695524|0.241379310345
337|549194|0.241379310345
337|236614|0.241379310345
337|491747|0.241379310345
337|833926|0.241379310345
337|238127|0.241379310345
337|406153|0.241379310345
337|735803|0.241379310345
337|217178|0.241379310345
337|474324|0.241379310345
337|323913|0.241379310345
337|831137|0.241379310345
337|640459|0.241379310345
337|487071|0.241379310345
337|230161|0.241379310345
337|107472|0.241379310345
337|789844|0.241379310345
337|617294|0.241379310345
337|96602|0.241379310345
337|36544|0.241379310345
337|793328|0.241379310345
337|731989|0.241379310345
337|204669|0.241379310345
337|453176|0.241379310345
337|613223|0.241379310345
337|530731|0.241379310345
337|772717|0.241379310345
337|514353|0.241379310345
337|566571|0.241379310345
337|791154|0.241379310345
337|668754|0.241379310345
337|821170|0.241379310345
337|522248|0.241379310345
337|418041|0.241379310345
337|604572|0.241379310345
138|778285|0.0
138|494929|0.0
138|494920|0.0
138|494925|0.0
138|494926|0.0
138|494310|0.0
138|545962|0.0
138|554374|0.0
138|168086|0.0
138|719203|0.0
138|513059|0.0
138|513052|0.0
138|513054|0.0
138|513055|0.0
138|303233|0.0
138|388671|0.0
138|532448|0.0
138|572083|0.0
138|773131|0.0
138|309429|0.0
138|265104|0.0
138|233032|0.0
138|233034|0.0
138|596922|0.0
138|596924|0.0
138|157248|0.0
138|130894|0.0
138|345891|0.0
138|230718|0.0
138|667799|0.0
138|619952|0.0
138|726082|0.0
138|820224|0.0
138|170911|0.0
138|320297|0.0
138|236906|0.0
138|246206|0.0
138|246207|0.0
138|739015|0.0
138|323985|0.0
138|693714|0.0
138|785559|0.0
138|451992|0.0
138|539802|0.0
138|250816|0.0
138|665912|0.0
138|162574|0.0
138|162579|0.0
138|579720|0.0
138|190783|0.0
138|720673|0.296296296296
138|783462|0.466666666667
138|360507|0.466666666667
138|79621|0.2
138|220202|0.366666666667
138|164484|0.4
138|205089|0.392857142857
138|582652|0.466666666667
138|661376|0.451612903226
138|352369|0.125
138|337483|0.4
138|247367|0.296296296296
138|120008|0.0
138|340334|0.173913043478
138|23441|0.466666666667
138|729876|0.2
138|716644|0.173913043478
138|801687|0.125
138|680715|0.296296296296
138|768360|0.259259259259
138|675803|0.451612903226
138|360074|0.173913043478
138|600838|0.2
138|90289|0.357142857143
138|819027|0.4
138|188491|0.173913043478
138|75383|0.277777777778
138|364116|0.466666666667
138|581642|0.451612903226
138|726242|0.296296296296
138|41946|0.277777777778
138|273629|0.392857142857
138|718701|0.2
138|441594|0.125
138|714702|0.4
138|476226|0.2
138|608533|0.4
138|340848|0.451612903226
138|413169|0.4
138|537295|0.173913043478
138|441047|0.296296296296
138|182790|0.4
138|40783|0.2
138|187800|0.451612903226
138|658063|0.173913043478
138|150963|0.2
138|312704|0.2
138|706237|0.296296296296
138|789296|0.296296296296
138|499327|0.173913043478
2569|778285|0.0
2569|494929|0.0
2569|494920|0.0
2569|494925|0.0
2569|494926|0.0
2569|494310|0.0
2569|545962|0.0
2569|554374|0.0
2569|168086|0.0
2569|719203|0.0
2569|513059|0.0
2569|513052|0.0
2569|513054|0.0
2569|513055|0.0
2569|303233|0.0
2569|388671|0.0
2569|532448|0.0
2569|572083|0.0
2569|773131|0.0
2569|309429|0.0
2569|265104|0.0
2569|233032|0.0
2569|233034|0.0
2569|596922|0.0
2569|596924|0.0
2569|157248|0.0
2569|130894|0.0
2569|345891|0.0
2569|230718|0.0
2569|667799|0.0
2569|619952|0.0
2569|726082|0.0
2569|820224|0.0
2569|170911|0.0
2569|320297|0.0
2569|236906|0.0
2569|246206|0.0
2569|246207|0.0
2569|739015|0.0
2569|323985|0.0
2569|693714|0.0
2569|785559|0.0
2569|451992|0.0
2569|539802|0.0
2569|250816|0.0
2569|665912|0.0
2569|162574|0.0
2569|162579|0.0
2569|579720|0.0
2569|190783|0.0
2569|419121|0.512195121951
2569|59853|0.512195121951
2569|116897|0.0689655172414
2569|761132|0.512195121951
2569|477878|0.512195121951
2569|517836|0.512195121951
2569|570306|0.512195121951
2569|523829|0.0
2569|528320|0.5
2569|415144|0.5
2569|543191|0.512195121951
2569|176950|0.512195121951
2569|447578|0.512195121951
2569|414098|0.512195121951
2569|406283|0.5
2569|557469|0.512195121951
2569|121098|0.512195121951
2569|346407|0.512195121951
2569|740058|0.512195121951
2569|214013|0.512195121951
2569|423701|0.512195121951
2569|399840|0.5
2569|329257|0.5
2569|697287|0.5
2569|380949|0.5
2569|823072|0.5
2569|464650|0.452830188679
2569|570529|0.5
2569|751485|0.5
2569|578355|0.0689655172414
2569|124586|0.472222222222
2569|754248|0.472222222222
2569|815145|0.5
2569|775815|0.5
2569|621199|0.452830188679
2569|592878|0.5
2569|59724|0.5
2569|362701|0.5
2569|322739|0.5
2569|229671|0.386363636364
2569|535181|0.509090909091
2569|599537|0.0689655172414
2569|636047|0.472222222222
2569|414071|0.0689655172414
2569|113693|0.472222222222
2569|82574|0.5
2569|314170|0.0689655172414
2569|687413|0.5
2569|236822|0.5
2569|212307|0.5
687|778285|0.0
687|494929|0.0
687|494920|0.0
687|494925|0.0
687|494926|0.0
687|494310|0.0
687|545962|0.0
687|554374|0.0
687|168086|0.0
687|719203|0.0
687|513059|0.0
687|513052|0.0
687|513054|0.0
687|513055|0.0
687|303233|0.0
687|388671|0.0
687|532448|0.0
687|572083|0.0
687|773131|0.0
687|309429|0.0
687|265104|0.0
687|233032|0.0
687|233034|0.0
687|596922|0.0
687|596924|0.0
687|157248|0.0
687|130894|0.0
687|345891|0.0
687|230718|0.0
687|667799|0.0
687|619952|0.0
687|726082|0.0
687|820224|0.0
687|170911|0.0
687|320297|0.0
687|236906|0.0
687|246206|0.0
687|246207|0.0
687|739015|0.0
687|323985|0.0
687|693714|0.0
687|785559|0.0
687|451992|0.0
687|539802|0.0
687|250816|0.0
687|665912|0.0
687|162574|0.0
687|162579|0.0
687|579720|0.0
687|190783|0.0
687|193987|0.604166666667
687|476185|0.723076923077
687|281535|0.756097560976
687|290332|0.645161290323
687|626591|0.723076923077
687|27206|0.723076923077
687|703148|0.735632183908
687|148463|0.735632183908
687|531025|0.756097560976
687|741084|0.756097560976
687|264311|0.756097560976
687|766830|0.756097560976
687|132434|0.645161290323
687|356161|0.723076923077
687|166898|0.723076923077
687|60051|0.0
687|84391|0.723076923077
687|57248|0.723076923077
687|386132|0.723076923077
687|593974|0.746031746032
687|338451|0.604166666667
687|513853|0.645161290323
687|724852|0.73417721519
687|66721|0.478260869565
687|434605|0.723076923077
687|480068|0.645161290323
687|422178|0.723076923077
687|492330|0.645161290323
687|65058|0.735632183908
687|129860|0.723076923077
687|506972|0.6
687|621376|0.645161290323
687|628921|0.747368421053
687|123134|0.645161290323
687|654048|0.755102040816
687|507896|0.604166666667
687|289825|0.6
687|728674|0.628571428571
687|630375|0.7
687|695182|0.74
687|264402|0.74
687|630412|0.723076923077
687|798308|0.645161290323
687|372571|0.0
687|411749|0.746031746032
687|578551|0.675324675325
687|262784|0.645161290323
687|68951|0.723076923077
687|624705|0.739130434783
687|646729|0.645161290323
243|778285|0.0
243|494929|0.0
243|494920|0.0
243|494925|0.0
243|494926|0.0
243|494310|0.0
243|545962|0.0
243|554374|0.0
243|168086|0.0
243|719203|0.0
243|513059|0.0
243|513052|0.0
243|513054|0.0
243|513055|0.0
243|303233|0.0
243|388671|0.0
243|532448|0.0
243|572083|0.0
243|773131|0.0
243|309429|0.0
243|265104|0.0
243|233032|0.0
243|233034|0.0
243|596922|0.0
243|596924|0.0
243|157248|0.0
243|130894|0.0
243|345891|0.0
243|230718|0.0
243|667799|0.0
243|619952|0.0
243|726082|0.0
243|820224|0.0
243|170911|0.0
243|320297|0.0
243|236906|0.0
243|246206|0.0
243|246207|0.0
243|739015|0.0
243|323985|0.0
243|693714|0.0
243|785559|0.0
243|451992|0.0
243|539802|0.0
243|250816|0.0
243|665912|0.0
243|162574|0.0
243|162579|0.0
243|579720|0.0
243|190783|0.0
243|538290|0.583333333333
243|716733|0.621212121212
243|706688|0.607142857143
243|669032|0.621212121212
243|467634|0.607142857143
243|72193|0.607142857143
243|697731|0.567567567568
243|331317|0.607142857143
243|764833|0.607142857143
243|199053|0.607142857143
243|83402|0.607142857143
243|495161|0.607142857143
243|274000|0.607142857143
243|818390|0.607142857143
243|728496|0.0
243|142690|0.607142857143
243|744077|0.607142857143
243|436034|0.45
243|438140|0.0
243|513788|0.607142857143
243|104375|0.616438356164
243|398640|0.45
243|159467|0.607142857143
243|740165|0.607142857143
243|695013|0.607142857143
243|328935|0.491525423729
243|487680|0.607142857143
243|518296|0.607142857143
243|313965|0.607142857143
243|177044|0.607142857143
243|598079|0.491525423729
243|272822|0.607142857143
243|265552|0.607142857143
243|35255|0.616438356164
243|476247|0.607142857143
243|393568|0.339285714286
243|547520|0.607142857143
243|85850|0.45
243|417753|0.438596491228
243|770780|0.607142857143
243|40499|0.607142857143
243|828167|0.607142857143
243|135336|0.607142857143
243|771506|0.607142857143
243|169517|0.0
243|278706|0.0
243|402290|0.45
243|64922|0.607142857143
243|698591|0.616438356164
243|372916|0.607142857143
691|778285|0.0
691|494929|0.0
691|494920|0.0
691|494925|0.0
691|494926|0.0
691|494310|0.0
691|545962|0.0
691|554374|0.0
691|168086|0.0
691|719203|0.0
691|513059|0.0
691|513052|0.0
691|513054|0.0
691|513055|0.0
691|303233|0.0
691|388671|0.0
691|532448|0.0
691|572083|0.0
691|773131|0.0
691|309429|0.0
691|265104|0.0
691|233032|0.0
691|233034|0.0
691|596922|0.0
691|596924|0.0
691|157248|0.0
691|130894|0.0
691|345891|0.0
691|230718|0.0
691|667799|0.0
691|619952|0.0
691|726082|0.0
691|820224|0.0
691|170911|0.0
691|320297|0.0
691|236906|0.0
691|246206|0.0
691|246207|0.0
691|739015|0.0
691|323985|0.0
691|693714|0.0
691|785559|0.0
691|451992|0.0
691|539802|0.0
691|250816|0.0
691|665912|0.0
691|162574|0.0
691|162579|0.0
691|579720|0.0
691|190783|0.0
691|216428|0.745098039216
691|367479|0.694915254237
691|298259|0.75
691|420177|0.745098039216
691|615832|0.769230769231
691|534117|0.769230769231
691|628104|0.761904761905
691|407720|0.769230769231
691|56682|0.746268656716
691|549975|0.761904761905
691|593912|0.769230769231
691|511792|0.745454545455
691|268789|0.769230769231
691|590206|0.769230769231
691|47087|0.769230769231
691|27128|0.769230769231
691|270633|0.769230769231
691|459667|0.655172413793
691|203228|0.769230769231
691|398276|0.735849056604
691|395289|0.769230769231
691|534398|0.769230769231
691|599029|0.745454545455
691|795319|0.769230769231
691|405326|0.762711864407
691|669963|0.633333333333
691|553598|0.769230769231
691|419822|0.769230769231
691|167992|0.769230769231
691|365308|0.769230769231
691|580625|0.769230769231
691|206035|0.769230769231
691|740705|0.769230769231
691|198171|0.769230769231
691|464972|0.694915254237
691|329375|0.769230769231
691|113036|0.633333333333
691|321481|0.769230769231
691|642113|0.694915254237
691|650878|0.769230769231
691|752010|0.666666666667
691|438802|0.769230769231
691|501442|0.769230769231
691|421207|0.769230769231
691|213632|0.769230769231
691|792574|0.621212121212
691|153131|0.69696969697
691|394434|0.761904761905
691|651625|0.735849056604
691|423635|0.760416666667
2687|778285|0.0
2687|494929|0.0
2687|494920|0.0
2687|494925|0.0
2687|494926|0.0
2687|494310|0.0
2687|545962|0.0
2687|554374|0.0
2687|168086|0.0
2687|719203|0.0
2687|513059|0.0
2687|513052|0.0
2687|513054|0.0
2687|513055|0.0
2687|303233|0.0
2687|388671|0.0
2687|532448|0.0
2687|572083|0.0
2687|773131|0.0
2687|309429|0.0
2687|265104|0.0
2687|233032|0.0
2687|233034|0.0
2687|596922|0.0
2687|596924|0.0
2687|157248|0.0
2687|130894|0.0
2687|345891|0.0
2687|230718|0.0
2687|667799|0.0
2687|619952|0.0
2687|726082|0.0
2687|820224|0.0
2687|170911|0.0
2687|320297|0.0
2687|236906|0.0
2687|246206|0.0
2687|246207|0.0
2687|739015|0.0
2687|323985|0.0
2687|693714|0.0
2687|785559|0.0
2687|451992|0.0
2687|539802|0.0
2687|250816|0.0
2687|665912|0.0
2687|162574|0.0
2687|162579|0.0
2687|579720|0.0
2687|190783|0.0
2687|294591|0.2
2687|768115|0.0
2687|772262|0.2
2687|101582|0.0
2687|618870|0.0
2687|413051|0.2
2687|677487|0.0
2687|557580|0.32
2687|419743|0.2
2687|617180|0.0
2687|478608|0.32
2687|642858|0.0
2687|668508|0.0
2687|562317|0.32
2687|11120|0.0
2687|405446|0.2
2687|488331|0.2
2687|230261|0.0
2687|756216|0.0
2687|670402|0.2
2687|624714|0.0
2687|204861|0.0
2687|63264|0.0
2687|264955|0.32
2687|560534|0.0
2687|230926|0.2
2687|801997|0.0
2687|519856|0.32
2687|290344|0.32
2687|740022|0.2
2687|208064|0.2
2687|582106|0.0
2687|621037|0.275862068966
2687|469791|0.0
2687|160621|0.2
2687|687206|0.0
2687|359419|0.0
2687|290815|0.2
2687|435586|0.0
2687|317919|0.2
2687|386122|0.2
2687|239826|0.0
2687|387714|0.2
2687|449321|0.2
2687|619562|0.367346938776
2687|696145|0.0
2687|509192|0.0
2687|627740|0.2
2687|319692|0.0
2687|774534|0.0
2652|778285|0.0
2652|494929|0.0
2652|494920|0.0
2652|494925|0.0
2652|494926|0.0
2652|494310|0.0
2652|545962|0.0
2652|554374|0.0
2652|168086|0.0
2652|719203|0.0
2652|513059|0.0
2652|513052|0.0
2652|513054|0.0
2652|513055|0.0
2652|303233|0.0
2652|388671|0.0
2652|532448|0.0
2652|572083|0.0
2652|773131|0.0
2652|309429|0.0
2652|265104|0.0
2652|233032|0.0
2652|233034|0.0
2652|596922|0.0
2652|596924|0.0
2652|157248|0.0
2652|130894|0.0
2652|345891|0.0
2652|230718|0.0
2652|667799|0.0
2652|619952|0.0
2652|726082|0.0
2652|820224|0.0
2652|170911|0.0
2652|320297|0.0
2652|236906|0.0
2652|246206|0.0
2652|246207|0.0
2652|739015|0.0
2652|323985|0.0
2652|693714|0.0
2652|785559|0.0
2652|451992|0.0
2652|539802|0.0
2652|250816|0.0
2652|665912|0.0
2652|162574|0.0
2652|162579|0.0
2652|579720|0.0
2652|190783|0.0
2652|616429|0.692307692308
2652|476069|0.666666666667
2652|627044|0.692307692308
2652|314460|0.0
2652|293470|0.674418604651
2652|179370|0.714285714286
2652|314208|0.0
2652|311877|0.630769230769
2652|606550|0.704225352113
2652|824627|0.0
2652|10173|0.0
2652|197848|0.692307692308
2652|500527|0.666666666667
2652|468348|0.705128205128
2652|423407|0.666666666667
2652|99440|0.692307692308
2652|786895|0.709677419355
2652|495368|0.705128205128
2652|461462|0.597014925373
2652|578617|0.710843373494
2652|745009|0.666666666667
2652|82979|0.597014925373
2652|695680|0.666666666667
2652|815339|0.710843373494
2652|38817|0.666666666667
2652|424320|0.674418604651
2652|319688|0.666666666667
2652|269840|0.692307692308
2652|334446|0.674418604651
2652|119153|0.666666666667
2652|603711|0.723684210526
2652|768008|0.695652173913
2652|179225|0.714285714286
2652|136737|0.0
2652|367071|0.0
2652|43691|0.708860759494
2652|676346|0.597014925373
2652|232207|0.692307692308
2652|529544|0.666666666667
2652|686735|0.692307692308
2652|661970|0.0
2652|777015|0.597014925373
2652|430598|0.710843373494
2652|291176|0.0
2652|283909|0.666666666667
2652|499846|0.692307692308
2652|389532|0.692307692308
2652|790288|0.692307692308
2652|671409|0.692307692308
2652|781969|0.692307692308
2606|778285|0.0
2606|494929|0.0
2606|494920|0.0
2606|494925|0.0
2606|494926|0.0
2606|494310|0.0
2606|545962|0.0
2606|554374|0.0
2606|168086|0.0
2606|719203|0.0
2606|513059|0.0
2606|513052|0.0
2606|513054|0.0
2606|513055|0.0
2606|303233|0.0
2606|388671|0.0
2606|532448|0.0
2606|572083|0.0
2606|773131|0.0
2606|309429|0.0
2606|265104|0.0
2606|233032|0.0
2606|233034|0.0
2606|596922|0.0
2606|596924|0.0
2606|157248|0.0
2606|130894|0.0
2606|345891|0.0
2606|230718|0.0
2606|667799|0.0
2606|619952|0.0
2606|726082|0.0
2606|820224|0.0
2606|170911|0.0
2606|320297|0.0
2606|236906|0.0
2606|246206|0.0
2606|246207|0.0
2606|739015|0.0
2606|323985|0.0
2606|693714|0.0
2606|785559|0.0
2606|451992|0.0
2606|539802|0.0
2606|250816|0.0
2606|665912|0.0
2606|162574|0.0
2606|162579|0.0
2606|579720|0.0
2606|190783|0.0
2606|459519|0.442105263158
2606|601927|0.547008547009
2606|186780|0.310344827586
2606|63054|0.360465116279
2606|454098|0.547008547009
2606|734545|0.370786516854
2606|484768|0.130434782609
2606|98722|0.310344827586
2606|669099|0.547008547009
2606|288622|0.592307692308
2606|487154|0.604838709677
2606|709341|0.130434782609
2606|246830|0.310344827586
2606|829937|0.442105263158
2606|587646|0.130434782609
2606|670225|0.130434782609
2606|333091|0.0
2606|478528|0.486486486486
2606|66721|0.2
2606|330962|0.360465116279
2606|815055|0.442105263158
2606|581231|0.547008547009
2606|465333|0.130434782609
2606|530377|0.547008547009
2606|684857|0.547008547009
2606|183775|0.0
2606|765708|0.0
2606|610697|0.310344827586
2606|36526|0.130434782609
2606|50142|0.575757575758
2606|422912|0.130434782609
2606|94057|0.547008547009
2606|112596|0.360465116279
2606|679751|0.442105263158
2606|468227|0.547008547009
2606|287113|0.597014925373
2606|697599|0.592307692308
2606|481509|0.310344827586
2606|278370|0.547008547009
2606|296661|0.130434782609
2606|291079|0.130434782609
2606|727870|0.459183673469
2606|416891|0.130434782609
2606|234084|0.0967741935484
2606|155160|0.130434782609
2606|225554|0.130434782609
2606|502766|0.0
2606|658469|0.310344827586
2606|287357|0.310344827586
2606|632456|0.0
2469|73331|0.0
2469|585078|0.0
2469|609078|0.0
2469|802119|0.0
2469|181396|0.0
2469|311657|0.0
2469|494639|0.0
2469|810750|0.0
2469|302180|0.0
2469|504864|0.0
2469|36478|0.0
2469|400838|0.0
2469|18149|0.0
2469|327047|0.0
2469|511105|0.0
2469|391217|0.0
2469|23191|0.0
2469|758718|0.0
2469|300069|0.0
2469|362033|0.0
2469|29416|0.0
2469|582217|0.0
2469|48202|0.0
2469|581672|0.0
2469|404327|0.0
2469|254273|0.0
2469|626052|0.0
2469|313754|0.0
2469|53354|0.0
2469|432448|0.0
2469|466724|0.0
2469|707905|0.0
2469|170234|0.0
2469|217815|0.0
2469|228860|0.0
2469|570462|0.0
2469|32267|0.0
2469|794138|0.0
2469|57164|0.0
2469|660767|0.0
2469|517590|0.0
2469|817420|0.0
2469|214150|0.0
2469|549212|0.0
2469|257772|0.0
2469|757349|0.0
2469|728577|0.0
2469|636517|0.0
2469|279905|0.0
2469|652487|0.0
2469|468813|0.870056497175
2469|21296|0.870056497175
2469|834276|0.840909090909
2469|433151|0.845360824742
2469|416514|0.870056497175
2469|583196|0.870056497175
2469|763860|0.813432835821
2469|258059|0.48
2469|137803|0.870056497175
2469|309871|0.845360824742
2469|118476|0.682926829268
2469|438051|0.827586206897
2469|473455|0.870056497175
2469|52976|0.827586206897
2469|688171|0.845360824742
2469|242203|0.870056497175
2469|617938|0.679012345679
2469|762343|0.870056497175
2469|594062|0.825
2469|740035|0.870056497175
2469|379425|0.845360824742
2469|636279|0.827586206897
2469|417104|0.840909090909
2469|693023|0.829268292683
2469|176219|0.827586206897
2469|290129|0.829268292683
2469|464170|0.827586206897
2469|593480|0.860215053763
2469|441537|0.84
2469|679486|0.813432835821
2469|363158|0.827586206897
2469|270703|0.682926829268
2469|746686|0.813432835821
2469|434840|0.642857142857
2469|670195|0.845360824742
2469|333613|0.827586206897
2469|738429|0.845360824742
2469|649295|0.827586206897
2469|728174|0.867549668874
2469|723274|0.827586206897
2469|401928|0.813432835821
2469|639374|0.830188679245
2469|521251|0.829268292683
2469|286403|0.827586206897
2469|636503|0.845360824742
2469|702538|0.845360824742
2469|794030|0.845360824742
2469|573429|0.844594594595
2469|773185|0.842105263158
2469|172298|0.827586206897
449|803256|0.760869565217
449|78353|0.777777777778
449|448136|0.507462686567
449|612259|0.760869565217
449|295983|0.7734375
449|672265|0.760869565217
449|97999|0.777777777778
449|34482|0.777777777778
449|784109|0.777777777778
449|43684|0.777777777778
449|658913|0.777777777778
449|636250|0.777777777778
449|700786|0.714285714286
449|726134|0.576923076923
449|752324|0.782945736434
449|829436|0.760869565217
449|263407|0.760869565217
449|414541|0.777777777778
449|202239|0.760869565217
449|17920|0.760869565217
449|612491|0.777777777778
449|589552|0.760869565217
449|134097|0.714285714286
449|260699|0.777777777778
449|381237|0.777777777778
449|651249|0.760869565217
449|143078|0.760869565217
449|780039|0.760869565217
449|576954|0.771929824561
449|408630|0.777777777778
449|659361|0.777777777778
449|523733|0.777777777778
449|665444|0.760869565217
449|410808|0.695652173913
449|174064|0.760869565217
449|730795|0.0
449|455009|0.777777777778
449|401745|0.760869565217
449|607049|0.777777777778
449|306004|0.745098039216
449|406788|0.777777777778
449|802686|0.581395348837
449|779916|0.0
449|350447|0.760869565217
449|808878|0.760869565217
449|306609|0.760869565217
449|340740|0.628571428571
449|294254|0.727272727273
449|321559|0.777777777778
449|776983|0.581395348837
449|784082|0.341463414634
449|621382|0.55
449|635090|0.4375
449|357012|0.529411764706
449|142656|0.333333333333
449|489107|0.348837209302
449|400915|0.341463414634
449|674327|0.55
449|794539|0.3
449|690608|0.341463414634
449|446502|0.388888888889
449|501632|0.388888888889
449|174835|0.541666666667
449|581680|0.519230769231
449|164744|0.529411764706
449|525353|0.55
449|826624|0.388888888889
449|37066|0.55
449|202334|0.488888888889
449|579223|0.529411764706
449|731500|0.388888888889
449|622683|0.55
449|699053|0.488888888889
449|520989|0.519230769231
449|337375|0.55
449|170151|0.333333333333
449|752489|0.3
449|434342|0.131578947368
449|772767|0.388888888889
449|737787|0.55
449|256188|0.4
449|68225|0.55
449|806203|0.388888888889
449|656531|0.519230769231
449|492088|0.541666666667
449|794574|0.388888888889
449|606385|0.388888888889
449|709425|0.529411764706
449|508098|0.388888888889
449|375010|0.131578947368
449|111786|0.4
449|779916|0.3
449|758376|0.341463414634
449|720439|0.519230769231
449|520407|0.333333333333
449|218363|0.454545454545
449|495470|0.488888888889
449|615001|0.131578947368
449|294254|0.3
449|470560|0.488888888889
1058|90395|0.0
1058|290677|0.0
1058|723876|0.0
1058|91236|0.0
1058|324600|0.0
1058|91890|0.0
1058|422922|0.0
1058|588968|0.0
1058|365637|0.0
1058|277407|0.0
1058|416430|0.0
1058|33050|0.0
1058|678844|0.0
1058|717688|0.0
1058|452972|0.0
1058|145805|0.0
1058|178598|0.0
1058|117783|0.0
1058|62189|0.0
1058|167808|0.0
1058|259284|0.0
1058|217811|0.0
1058|483873|0.0
1058|441227|0.0
1058|461563|0.0
1058|288397|0.0
1058|764596|0.0
1058|187911|0.0
1058|424186|0.0
1058|305006|0.0
1058|585010|0.0
1058|484623|0.0
1058|369432|0.0
1058|242870|0.0
1058|732999|0.0
1058|256678|0.0
1058|347955|0.0
1058|758524|0.0
1058|94190|0.0
1058|272762|0.0
1058|519786|0.0
1058|634726|0.0
1058|128787|0.0
1058|466770|0.0
1058|274899|0.0
1058|403589|0.0
1058|12871|0.0
1058|443149|0.0
1058|751737|0.0
1058|401651|0.0
1058|729367|0.759493670886
1058|121288|0.729323308271
1058|717688|0.477272727273
1058|612832|0.657894736842
1058|8784|0.759493670886
1058|217811|0.477272727273
1058|832418|0.716666666667
1058|664757|0.739726027397
1058|553957|0.706896551724
1058|598269|0.716666666667
1058|833729|0.657894736842
1058|269874|0.716666666667
1058|390632|0.66
1058|555809|0.477272727273
1058|785486|0.757575757576
1058|578375|0
1058|634370|0.729323308271
1058|249811|0.708860759494
1058|443324|0.66
1058|312099|0.66
1058|808699|0.477272727273
1058|46388|0.477272727273
1058|327675|0.666666666667
1058|512216|0
1058|244005|0.74358974359
1058|555443|0
1058|288289|0.75
1058|349703|0.744
1058|296940|0.477272727273
1058|47156|0.716666666667
1058|572385|0.697247706422
1058|523136|0.716666666667
1058|150941|0.0
1058|204747|0.651785714286
1058|129181|0.739726027397
1058|796214|0.669565217391
1058|640621|0.75
1058|575564|0.723076923077
1058|128286|0.723076923077
1058|637211|0.669565217391
1058|654565|0.697247706422
1058|79843|0.723076923077
1058|480537|0.481481481481
1058|662207|0.138888888889
1058|801550|0.757894736842
1058|377562|0.716666666667
1058|67048|0.759124087591
1058|468531|0.747747747748
1058|402683|0.7265625
1058|746484|0.669565217391
1860|90395|0.0
1860|290677|0.0
1860|723876|0.0
1860|91236|0.0
1860|324600|0.0
1860|91890|0.0
1860|422922|0.0
1860|588968|0.0
1860|365637|0.0
1860|277407|0.0
1860|416430|0.0
1860|33050|0.0
1860|678844|0.0
1860|717688|0.0
1860|452972|0.0
1860|145805|0.0
1860|178598|0.0
1860|117783|0.0
1860|62189|0.0
1860|167808|0.0
1860|259284|0.0
1860|217811|0.0
1860|483873|0.0
1860|441227|0.0
1860|461563|0.0
1860|288397|0.0
1860|764596|0.0
1860|187911|0.0
1860|424186|0.0
1860|305006|0.0
1860|585010|0.0
1860|484623|0.0
1860|369432|0.0
1860|242870|0.0
1860|732999|0.0
1860|256678|0.0
1860|347955|0.0
1860|758524|0.0
1860|94190|0.0
1860|272762|0.0
1860|519786|0.0
1860|634726|0.0
1860|128787|0.0
1860|466770|0.0
1860|274899|0.0
1860|403589|0.0
1860|12871|0.0
1860|443149|0.0
1860|751737|0.0
1860|401651|0.0
1860|211292|0.779220779221
1860|789995|0.779220779221
1860|244970|0.779220779221
1860|574681|0.617647058824
1860|706720|0.72972972973
1860|655601|0.607142857143
1860|262604|0.779220779221
1860|347955|0.651162790698
1860|640574|0.72972972973
1860|595363|0.779220779221
1860|408506|0.75
1860|678995|0.779220779221
1860|205532|0.72972972973
1860|249934|0.617647058824
1860|132255|0.738461538462
1860|216082|0.685714285714
1860|658018|0.651162790698
1860|670146|0.69014084507
1860|701253|0.757575757576
1860|166221|0.69014084507
1860|583661|0.75
1860|299844|0.676056338028
1860|347681|0.617647058824
1860|314936|0.75
1860|782667|0.72972972973
1860|249327|0.696428571429
1860|274472|0.72972972973
1860|667845|0.617647058824
1860|582406|0.733333333333
1860|815567|0.651162790698
1860|124896|0.636363636364
1860|342741|0.685714285714
1860|675155|0.727272727273
1860|444967|0.763157894737
1860|478010|0.617647058824
1860|591153|0.685714285714
1860|540983|0.72972972973
1860|47415|0.636363636364
1860|423086|0.617647058824
1860|726912|0.733333333333
1860|430695|0.757575757576
1860|597323|0.769230769231
1860|423062|0.636363636364
1860|360129|0.738461538462
1860|350503|0.738461538462
1860|452747|0.617647058824
1860|386186|0.617647058824
1860|762602|0.72972972973
1860|419392|0.642857142857
1860|822634|0.72972972973
2226|90395|0.0
2226|290677|0.0
2226|723876|0.0
2226|91236|0.0
2226|324600|0.0
2226|91890|0.0
2226|422922|0.0
2226|588968|0.0
2226|365637|0.0
2226|277407|0.0
2226|416430|0.0
2226|33050|0.0
2226|678844|0.0
2226|717688|0.0
2226|452972|0.0
2226|145805|0.0
2226|178598|0.0
2226|117783|0.0
2226|62189|0.0
2226|167808|0.0
2226|259284|0.0
2226|217811|0.0
2226|483873|0.0
2226|441227|0.0
2226|461563|0.0
2226|288397|0.0
2226|764596|0.0
2226|187911|0.0
2226|424186|0.0
2226|305006|0.0
2226|585010|0.0
2226|484623|0.0
2226|369432|0.0
2226|242870|0.0
2226|732999|0.0
2226|256678|0.0
2226|347955|0.0
2226|758524|0.0
2226|94190|0.0
2226|272762|0.0
2226|519786|0.0
2226|634726|0.0
2226|128787|0.0
2226|466770|0.0
2226|274899|0.0
2226|403589|0.0
2226|12871|0.0
2226|443149|0.0
2226|751737|0.0
2226|401651|0.0
2226|533211|0.0
2226|667006|0.0
2226|512276|0.0
2226|405188|0.0
2226|237812|0.0
2226|399842|0.0
2226|378286|0.516129032258
2226|317445|0.0
2226|79120|0.0
2226|305006|0.0
2226|658487|0.0
2226|346944|0.0
2226|391464|0.0
2226|296052|0.172413793103
2226|58134|0.0
2226|436112|0.122448979592
2226|603292|0.516129032258
2226|529818|0.0
2226|595241|0.0
2226|662316|0.515625
2226|492899|0.122448979592
2226|525789|0.0
2226|805948|0.0
2226|293782|0.0
2226|195268|0.0
2226|41511|0.0
2226|733992|0.515625
2226|45103|0.171428571429
2226|800483|0.0
2226|33527|0.516129032258
2226|339163|0.466666666667
2226|283376|0.172413793103
2226|216954|0.0
2226|795095|0.0
2226|585009|0.516129032258
2226|327482|0.0
2226|240657|0.0
2226|414158|0.0
2226|529229|0.0
2226|228466|0.0
2226|269946|0.0
2226|350326|0.0
2226|363770|0.0
2226|372552|0.0
2226|673970|0.0
2226|772185|0.466666666667
2226|41702|0.0
2226|560853|0.516129032258
2226|495493|0.0
2226|72812|0.0
508|701432|0.214285714286
508|124337|0.214285714286
508|722918|0.214285714286
508|55469|0.214285714286
508|266873|0.214285714286
508|512276|0.214285714286
508|208486|0.181818181818
508|302055|0.214285714286
508|295865|0.214285714286
508|242722|0.214285714286
508|260278|0.214285714286
508|214237|0.214285714286
508|322866|0.181818181818
508|35637|0.214285714286
508|496184|0.214285714286
508|707495|0.214285714286
508|536062|0.214285714286
508|369113|0.214285714286
508|537798|0.214285714286
508|83254|0.214285714286
508|579182|0.214285714286
508|682792|0.214285714286
508|513410|0.214285714286
508|619211|0.214285714286
508|87768|0.214285714286
508|167189|0.214285714286
508|397514|0.214285714286
508|709086|0.214285714286
508|360245|0.214285714286
508|744434|0.214285714286
508|463213|0.214285714286
508|211911|0.214285714286
508|716526|0.131147540984
508|767909|0.214285714286
508|506800|0.214285714286
508|552197|0.214285714286
508|607018|0.181818181818
508|455056|0.181818181818
508|263794|0.181818181818
508|593990|0.181818181818
508|340036|0.181818181818
508|137163|0.181818181818
508|701722|0.181818181818
508|792111|0.181818181818
508|91146|0.181818181818
508|818888|0.181818181818
508|152679|0.181818181818
508|764523|0.131147540984
508|814833|0.181818181818
508|559110|0.181818181818
508|257736|0.294117647059
508|219114|0.0
508|700705|0.294117647059
508|537798|0.0
508|400871|0.294117647059
508|149087|0.294117647059
508|149253|0.294117647059
508|184750|0.294117647059
508|155786|0.294117647059
508|504691|0.294117647059
508|44902|0.294117647059
508|64423|0.294117647059
508|587668|0.227272727273
508|722657|0.294117647059
508|233867|0.294117647059
508|527772|0.294117647059
508|650155|0.294117647059
508|244310|0.294117647059
508|146237|0.294117647059
508|185593|0.294117647059
508|663743|0.227272727273
508|476985|0.0
508|581073|0.294117647059
508|260029|0.294117647059
508|140503|0.0
508|673540|0.0
508|721680|0.294117647059
508|703900|0.294117647059
508|506887|0.0
508|342201|0.294117647059
508|785189|0.294117647059
508|300096|0.294117647059
508|230527|0.294117647059
508|782347|0.0
508|432119|0.294117647059
508|109493|0.294117647059
508|424762|0.227272727273
508|763654|0.227272727273
508|178622|0.0
508|519653|0.0
508|170425|0.227272727273
508|261522|0.0
508|365203|0.0
508|728817|0.0
508|140258|0.0
508|622058|0.0
508|472325|0.227272727273
508|325312|0.227272727273
508|559676|0.0
508|724544|0.0
1920|701432|0.214285714286
1920|124337|0.214285714286
1920|722918|0.214285714286
1920|55469|0.214285714286
1920|266873|0.214285714286
1920|512276|0.214285714286
1920|208486|0.181818181818
1920|302055|0.214285714286
1920|295865|0.214285714286
1920|242722|0.214285714286
1920|260278|0.214285714286
1920|214237|0.214285714286
1920|322866|0.181818181818
1920|35637|0.214285714286
1920|496184|0.214285714286
1920|707495|0.214285714286
1920|536062|0.214285714286
1920|369113|0.214285714286
1920|537798|0.214285714286
1920|83254|0.214285714286
1920|579182|0.214285714286
1920|682792|0.214285714286
1920|513410|0.214285714286
1920|619211|0.214285714286
1920|87768|0.214285714286
1920|167189|0.214285714286
1920|397514|0.214285714286
1920|709086|0.214285714286
1920|360245|0.214285714286
1920|744434|0.214285714286
1920|463213|0.214285714286
1920|211911|0.214285714286
1920|716526|0.131147540984
1920|767909|0.214285714286
1920|506800|0.214285714286
1920|552197|0.214285714286
1920|607018|0.181818181818
1920|455056|0.181818181818
1920|263794|0.181818181818
1920|593990|0.181818181818
1920|340036|0.181818181818
1920|137163|0.181818181818
1920|701722|0.181818181818
1920|792111|0.181818181818
1920|91146|0.181818181818
1920|818888|0.181818181818
1920|152679|0.181818181818
1920|764523|0.131147540984
1920|814833|0.181818181818
1920|559110|0.181818181818
1920|533211|0.0
1920|667006|0.0
1920|512276|0.0
1920|405188|0.0
1920|237812|0.0
1920|399842|0.0
1920|378286|0.516129032258
1920|317445|0.0
1920|79120|0.0
1920|305006|0.0
1920|658487|0.0
1920|346944|0.0
1920|391464|0.0
1920|296052|0.172413793103
1920|58134|0.0
1920|436112|0.122448979592
1920|603292|0.516129032258
1920|529818|0.0
1920|595241|0.0
1920|662316|0.515625
1920|492899|0.122448979592
1920|525789|0.0
1920|805948|0.0
1920|293782|0.0
1920|195268|0.0
1920|41511|0.0
1920|733992|0.515625
1920|45103|0.171428571429
1920|800483|0.0
1920|33527|0.516129032258
1920|339163|0.466666666667
1920|283376|0.172413793103
1920|216954|0.0
1920|795095|0.0
1920|585009|0.516129032258
1920|327482|0.0
1920|240657|0.0
1920|414158|0.0
1920|529229|0.0
1920|228466|0.0
1920|269946|0.0
1920|350326|0.0
1920|363770|0.0
1920|372552|0.0
1920|673970|0.0
1920|772185|0.466666666667
1920|41702|0.0
1920|560853|0.516129032258
1920|495493|0.0
1920|72812|0.0
211|701432|0.214285714286
211|124337|0.214285714286
211|722918|0.214285714286
211|55469|0.214285714286
211|266873|0.214285714286
211|512276|0.214285714286
211|208486|0.181818181818
211|302055|0.214285714286
211|295865|0.214285714286
211|242722|0.214285714286
211|260278|0.214285714286
211|214237|0.214285714286
211|322866|0.181818181818
211|35637|0.214285714286
211|496184|0.214285714286
211|707495|0.214285714286
211|536062|0.214285714286
211|369113|0.214285714286
211|537798|0.214285714286
211|83254|0.214285714286
211|579182|0.214285714286
211|682792|0.214285714286
211|513410|0.214285714286
211|619211|0.214285714286
211|87768|0.214285714286
211|167189|0.214285714286
211|397514|0.214285714286
211|709086|0.214285714286
211|360245|0.214285714286
211|744434|0.214285714286
211|463213|0.214285714286
211|211911|0.214285714286
211|716526|0.131147540984
211|767909|0.214285714286
211|506800|0.214285714286
211|552197|0.214285714286
211|607018|0.181818181818
211|455056|0.181818181818
211|263794|0.181818181818
211|593990|0.181818181818
211|340036|0.181818181818
211|137163|0.181818181818
211|701722|0.181818181818
211|792111|0.181818181818
211|91146|0.181818181818
211|818888|0.181818181818
211|152679|0.181818181818
211|764523|0.131147540984
211|814833|0.181818181818
211|559110|0.181818181818
211|813708|0.0
211|317306|0.617647058824
211|302055|0.0
211|663894|0.759259259259
211|600014|0.5625
211|515839|0.461538461538
211|481538|0.75
211|49552|0.733333333333
211|376487|0.461538461538
211|660024|0.5625
211|382172|0.759259259259
211|555168|0.5625
211|219685|0.759259259259
211|19771|0.461538461538
211|785370|0.759259259259
211|141416|0.75
211|661001|0.617647058824
211|349678|0.461538461538
211|565531|0.461538461538
211|739306|0.5625
211|105520|0.205882352941
211|632725|0.759259259259
211|474704|0.733333333333
211|634672|0.461538461538
211|435452|0.759259259259
211|167818|0.617647058824
211|365862|0.461538461538
211|486586|0.524752475248
211|646684|0.461538461538
211|423611|0.566666666667
211|520824|0.617647058824
211|45923|0.461538461538
211|816140|0.35
211|117360|0.461538461538
211|62917|0.75
211|553632|0.461538461538
211|446531|0.617647058824
211|588135|0.35
211|339084|0.75
211|703907|0.461538461538
211|43674|0.461538461538
211|425146|0.461538461538
211|163581|0.759259259259
211|440854|0.35
211|331723|0.5625
211|609824|0.35
211|378309|0.754901960784
211|239327|0.75
211|143583|0.461538461538
211|824985|0.684210526316
301|701432|0.214285714286
301|124337|0.214285714286
301|722918|0.214285714286
301|55469|0.214285714286
301|266873|0.214285714286
301|512276|0.214285714286
301|208486|0.181818181818
301|302055|0.214285714286
301|295865|0.214285714286
301|242722|0.214285714286
301|260278|0.214285714286
301|214237|0.214285714286
301|322866|0.181818181818
301|35637|0.214285714286
301|496184|0.214285714286
301|707495|0.214285714286
301|536062|0.214285714286
301|369113|0.214285714286
301|537798|0.214285714286
301|83254|0.214285714286
301|579182|0.214285714286
301|682792|0.214285714286
301|513410|0.214285714286
301|619211|0.214285714286
301|87768|0.214285714286
301|167189|0.214285714286
301|397514|0.214285714286
301|709086|0.214285714286
301|360245|0.214285714286
301|744434|0.214285714286
301|463213|0.214285714286
301|211911|0.214285714286
301|716526|0.131147540984
301|767909|0.214285714286
301|506800|0.214285714286
301|552197|0.214285714286
301|607018|0.181818181818
301|455056|0.181818181818
301|263794|0.181818181818
301|593990|0.181818181818
301|340036|0.181818181818
301|137163|0.181818181818
301|701722|0.181818181818
301|792111|0.181818181818
301|91146|0.181818181818
301|818888|0.181818181818
301|152679|0.181818181818
301|764523|0.131147540984
301|814833|0.181818181818
301|559110|0.181818181818
301|342831|0.0
301|783768|0.583333333333
301|372485|0.583333333333
301|142873|0.583333333333
301|786347|0.583333333333
301|514483|0.583333333333
301|270997|0.0
301|310983|0.5
301|687254|0.583333333333
301|716523|0.583333333333
301|619894|0.583333333333
301|507068|0.583333333333
301|219858|0.583333333333
301|307909|0.583333333333
301|540011|0.0
301|88135|0.583333333333
301|442645|0.46875
301|505295|0.583333333333
301|590282|0.0
301|776219|0.579710144928
301|343254|0.46875
301|42279|0.410256410256
301|60214|0.583333333333
301|654402|0.0
301|516649|0.0
301|817310|0.583333333333
301|395121|0.0
301|325544|0.0
301|800058|0.46875
301|723881|0.0
301|323512|0.583333333333
301|448269|0.583333333333
301|827890|0.579710144928
301|368278|0.583333333333
301|262557|0.46875
301|825402|0.583333333333
301|307393|0.583333333333
301|312224|0.0
301|315634|0.575757575758
301|450542|0.0
301|223390|0.579710144928
301|350978|0.5
301|267546|0.579710144928
301|111874|0.579710144928
301|152679|0.0
301|233933|0.48
301|165632|0.0
301|527424|0.0
301|650342|0.46875
301|559110|0.0
1105|616289|0.0
1105|23714|0.0
1105|359920|0.0
1105|684329|0.0
1105|748317|0.0
1105|173614|0.0
1105|802930|0.0
1105|107543|0.0
1105|699125|0.0
1105|125524|0.0
1105|740955|0.0
1105|369331|0.0
1105|352805|0.0
1105|423460|0.0
1105|203625|0.0
1105|455052|0.0
1105|274106|0.0
1105|770759|0.0
1105|57494|0.0
1105|436675|0.0
1105|158325|0.0
1105|28049|0.0
1105|174136|0.0
1105|806101|0.0
1105|584397|0.0
1105|587744|0.0
1105|121617|0.0
1105|732196|0.0
1105|253346|0.0
1105|470580|0.0
1105|529815|0.0
1105|150498|0.0
1105|501094|0.0
1105|624753|0.0
1105|578587|0.0
1105|363908|0.0
1105|46583|0.0
1105|417401|0.0
1105|414343|0.0
1105|532685|0.0
1105|806544|0.0
1105|541269|0.0
1105|712041|0.0
1105|648755|0.0
1105|378748|0.0
1105|527272|0.0
1105|266245|0.0
1105|211287|0.0
1105|406868|0.0
1105|164262|0.0
1105|653163|0.0
1105|748317|0.0
1105|395355|0.0
1105|509127|0.0
1105|28342|0.0
1105|796783|0.0
1105|743175|0.0
1105|424050|0.0
1105|209917|0.0
1105|540274|0.0
1105|142110|0.0
1105|462198|0.0
1105|139387|0.0
1105|499291|0.0
1105|32222|0.0
1105|749953|0.0
1105|514062|0.0
1105|154321|0.0
1105|643367|0.0
1105|28323|0.0
1105|640992|0.0
1105|478422|0.0
1105|139572|0.0
1105|630493|0.0
1105|246618|0.0
1105|612941|0.0
1105|354577|0.0
1105|584397|0.0
1105|75302|0.0
1105|705698|0.0
1105|266268|0.0
1105|517550|0.0
1105|689083|0.0
1105|370833|0.0
1105|20149|0.0
1105|145029|0.0
1105|31715|0.0
1105|222077|0.0
1105|467629|0.0
1105|94056|0.0
1105|710810|0.0
1105|743148|0.0
1105|796103|0.0
1105|773167|0.0
1105|345193|0.0
1105|195480|0.0
1105|68242|0.0
1105|521953|0.0
1105|579517|0.0
1105|173046|0.0
1643|681936|0.666666666667
1643|633418|0.454545454545
1643|754014|0.454545454545
1643|762660|0.666666666667
1643|436972|0.454545454545
1643|642305|0.454545454545
1643|797877|0.454545454545
1643|450656|0.454545454545
1643|437233|0.454545454545
1643|478198|0.454545454545
1643|764697|0.454545454545
1643|276983|0.454545454545
1643|151768|0.454545454545
1643|189389|0.454545454545
1643|152187|0.454545454545
1643|398452|0.454545454545
1643|155639|0.454545454545
1643|114206|0.454545454545
1643|610529|0.454545454545
1643|209513|0.454545454545
1643|249183|0.454545454545
1643|615480|0.454545454545
1643|290769|0.454545454545
1643|487014|0.454545454545
1643|85408|0.454545454545
1643|167857|0.454545454545
1643|62874|0.555555555556
1643|494398|0.454545454545
1643|120328|0.454545454545
1643|522042|0.454545454545
1643|266563|0.454545454545
1643|577339|0.454545454545
1643|808426|0.454545454545
1643|335774|0.454545454545
1643|232104|0.454545454545
1643|577473|0.454545454545
1643|494642|0.454545454545
1643|426585|0.454545454545
1643|468723|0.234375
1643|19909|0.454545454545
1643|558305|0.454545454545
1643|638470|0.454545454545
1643|464505|0.454545454545
1643|821332|0.454545454545
1643|491834|0.454545454545
1643|647845|0.454545454545
1643|81657|0.454545454545
1643|248032|0.454545454545
1643|58108|0.234375
1643|236264|0.454545454545
1643|238825|0.447916666667
1643|158385|0.52380952381
1643|742222|0.0
1643|295865|0.447916666667
1643|51266|0.52380952381
1643|9738|0.447916666667
1643|274247|0.447916666667
1643|806813|0.28
1643|163392|0.53125
1643|339070|0.548076923077
1643|105485|0.52380952381
1643|297656|0.447916666667
1643|14255|0.447916666667
1643|627675|0.243243243243
1643|218438|0.447916666667
1643|78660|0.53125
1643|159883|0.447916666667
1643|128921|0.447916666667
1643|210530|0.52380952381
1643|53949|0.0
1643|469797|0.447916666667
1643|250331|0.447916666667
1643|170903|0.447916666667
1643|597802|0.548076923077
1643|19494|0.375
1643|771150|0.447916666667
1643|665775|0.0
1643|75676|0.52380952381
1643|548080|0.0
1643|218920|0.447916666667
1643|203535|0.52380952381
1643|375114|0.447916666667
1643|283656|0.447916666667
1643|423337|0.447916666667
1643|74823|0.447916666667
1643|468723|0.0
1643|18412|0.52380952381
1643|670630|0.0
1643|300471|0.447916666667
1643|248036|0.447916666667
1643|623784|0.447916666667
1643|285409|0.447916666667
1643|128051|0.243243243243
1643|323948|0.447916666667
1643|641604|0.0
1643|58108|0.0
1643|486765|0.52380952381
1643|368029|0.52380952381
1643|81158|0.243243243243
1643|412827|0.447916666667
1542|510320|0.0
1542|245429|0.0
1542|758874|0.0
1542|385445|0.0
1542|564302|0.0
1542|655840|0.0
1542|119149|0.0
1542|830209|0.0
1542|477581|0.0
1542|601692|0.0
1542|754559|0.0
1542|368188|0.0
1542|534992|0.0
1542|33876|0.0
1542|76888|0.0
1542|470007|0.0
1542|491942|0.0
1542|39977|0.0
1542|507060|0.0
1542|159104|0.0
1542|808025|0.0
1542|426457|0.0
1542|705739|0.0
1542|778974|0.0
1542|232678|0.0
1542|17031|0.0
1542|691435|0.0
1542|101740|0.0
1542|431917|0.0
1542|712322|0.0
1542|61188|0.0
1542|420068|0.0
1542|300932|0.0
1542|88521|0.0
1542|76277|0.0
1542|660181|0.0
1542|460339|0.0
1542|619945|0.0
1542|790395|0.0
1542|622980|0.0
1542|649034|0.0
1542|135824|0.0
1542|95725|0.0
1542|14789|0.0
1542|293263|0.0
1542|185501|0.0
1542|598550|0.0
1542|555199|0.0
1542|84249|0.0
1542|129995|0.0
1542|169734|0.694117647059
1542|591263|0.694117647059
1542|564302|0.0
1542|589979|0.644736842105
1542|676033|0.619718309859
1542|71171|0.622222222222
1542|528400|0.644736842105
1542|450330|0.644736842105
1542|591740|0.630769230769
1542|153478|0.470588235294
1542|379689|0.658536585366
1542|656561|0.690476190476
1542|382613|0.333333333333
1542|576271|0.670588235294
1542|483265|0.619718309859
1542|810139|0.619718309859
1542|33243|0.670588235294
1542|285012|0.644736842105
1542|108294|0.670588235294
1542|422378|0.690476190476
1542|307894|0.619718309859
1542|617244|0.619718309859
1542|750522|0.658536585366
1542|755736|0.578125
1542|582785|0.692307692308
1542|523476|0.644736842105
1542|804283|0.690476190476
1542|394479|0.619718309859
1542|679446|0.684931506849
1542|15762|0.644736842105
1542|451802|0.670588235294
1542|535664|0.690476190476
1542|175935|0.644736842105
1542|701045|0.619718309859
1542|390721|0.614285714286
1542|796213|0.578125
1542|204299|0.670588235294
1542|130620|0.619718309859
1542|285521|0.670588235294
1542|573821|0.670588235294
1542|327992|0.619718309859
1542|526173|0.619718309859
1542|274480|0.619718309859
1542|168142|0.690476190476
1542|189894|0.194444444444
1542|715561|0.670588235294
1542|26692|0.644736842105
1542|282903|0.644736842105
1542|455714|0.644736842105
1542|349988|0.623376623377
817|510320|0.0
817|245429|0.0
817|758874|0.0
817|385445|0.0
817|564302|0.0
817|655840|0.0
817|119149|0.0
817|830209|0.0
817|477581|0.0
817|601692|0.0
817|754559|0.0
817|368188|0.0
817|534992|0.0
817|33876|0.0
817|76888|0.0
817|470007|0.0
817|491942|0.0
817|39977|0.0
817|507060|0.0
817|159104|0.0
817|808025|0.0
817|426457|0.0
817|705739|0.0
817|778974|0.0
817|232678|0.0
817|17031|0.0
817|691435|0.0
817|101740|0.0
817|431917|0.0
817|712322|0.0
817|61188|0.0
817|420068|0.0
817|300932|0.0
817|88521|0.0
817|76277|0.0
817|660181|0.0
817|460339|0.0
817|619945|0.0
817|790395|0.0
817|622980|0.0
817|649034|0.0
817|135824|0.0
817|95725|0.0
817|14789|0.0
817|293263|0.0
817|185501|0.0
817|598550|0.0
817|555199|0.0
817|84249|0.0
817|129995|0.0
817|359290|0.32
817|520767|0.32
817|255525|0.32
817|775348|0.32
817|349479|0.32
817|312440|0.32
817|501592|0.190476190476
817|379128|0.190476190476
817|19539|0.32
817|67527|0.32
817|488669|0.32
817|276577|0.32
817|233711|0.190476190476
817|527569|0.32
817|203854|0.32
817|711501|0.32
817|695319|0.190476190476
817|47042|0.32
817|523541|0.190476190476
817|787047|0.32
817|200714|0.32
817|832994|0.32
817|153113|0.190476190476
817|791048|0.190476190476
817|302253|0.190476190476
817|675420|0.190476190476
817|67777|0.190476190476
817|418124|0.190476190476
817|352988|0.190476190476
817|135595|0.190476190476
817|575020|0.190476190476
817|677122|0.190476190476
817|463175|0.190476190476
817|628234|0.190476190476
817|585007|0.190476190476
817|608764|0.190476190476
817|151178|0.0
817|596549|0.190476190476
817|224626|0.190476190476
817|386300|0.190476190476
817|718322|0.190476190476
817|106985|0.190476190476
817|457682|0.190476190476
817|44348|0.190476190476
817|166270|0.190476190476
817|31305|0.190476190476
817|783599|0.190476190476
817|351571|0.190476190476
817|793294|0.190476190476
817|639303|0.190476190476
575|389032|0.827411167513
575|794753|0.814432989691
575|105112|0.729411764706
575|306172|0.730769230769
575|103144|0.730769230769
575|834387|0.730769230769
575|281000|0.814432989691
575|400919|0.730769230769
575|220365|0.827411167513
575|178709|0.802325581395
575|607410|0.768844221106
575|381363|0.827411167513
575|525453|0.730769230769
575|185395|0.730769230769
575|159825|0.814432989691
575|396594|0.807692307692
575|186241|0.807692307692
575|231872|0.827411167513
575|805624|0.673202614379
575|282992|0.827411167513
575|318773|0.0
575|487652|0.730769230769
575|50607|0.827411167513
575|552827|0.827411167513
575|47755|0.0
575|547557|0.777173913043
575|194088|0.729411764706
575|602919|0.814432989691
575|733239|0.827411167513
575|439250|0.814432989691
575|93759|0.700564971751
575|765645|0.827411167513
575|789232|0.720588235294
575|11098|0.730769230769
575|44232|0.827411167513
575|110494|0.730769230769
575|223259|0.827411167513
575|286961|0.814432989691
575|611529|0.814432989691
575|214378|0.742424242424
575|67363|0.778894472362
575|297763|0.671875
575|205221|0.778894472362
575|92734|0.730769230769
575|688062|0.742424242424
575|312961|0.742424242424
575|620228|0.730769230769
575|202400|0.777777777778
575|746551|0.730769230769
575|412647|0.720588235294
575|272472|0.725
575|438051|0.75
575|45933|0.227272727273
575|468961|0.725
575|509553|0.535714285714
575|55677|0.535714285714
575|299345|0.548387096774
575|73085|0.0
575|818715|0.75
575|449335|0.227272727273
575|807884|0.227272727273
575|541692|0.719298245614
575|309950|0.725
575|713368|0.711538461538
575|28176|0.711538461538
575|456607|0.0
575|507921|0.0
575|199264|0.75
575|487831|0.711538461538
575|818657|0.711538461538
575|792597|0.227272727273
575|772797|0.0
575|176219|0.75
575|251012|0.535714285714
575|47755|0.0
575|767961|0.711538461538
575|363158|0.75
575|384560|0.227272727273
575|671230|0.711538461538
575|604617|0.711538461538
575|461017|0.711538461538
575|333613|0.75
575|179645|0.711538461538
575|760892|0.711538461538
575|802180|0.725
575|781767|0.711538461538
575|358201|0.711538461538
575|649295|0.75
575|388447|0.548387096774
575|240904|0.711538461538
575|649761|0.711538461538
575|459019|0.227272727273
575|366216|0.548387096774
575|219984|0.227272727273
575|513947|0.725
575|145881|0.548387096774
575|370263|0.227272727273
575|49235|0.711538461538
575|280875|0.711538461538
575|635911|0.548387096774
2290|351699|0.0
2290|23715|0.0
2290|455654|0.0
2290|374558|0.0
2290|325213|0.0
2290|589622|0.0
2290|710561|0.0
2290|524298|0.0
2290|318980|0.0
2290|688784|0.0
2290|732931|0.0
2290|145715|0.0
2290|152683|0.0
2290|408822|0.0
2290|191867|0.0
2290|22469|0.0
2290|421655|0.0
2290|444273|0.0
2290|631846|0.0
2290|90634|0.0
2290|794216|0.0
2290|354014|0.0
2290|519423|0.0
2290|120703|0.0
2290|390507|0.0
2290|132051|0.0
2290|37260|0.0
2290|577900|0.0
2290|651458|0.0
2290|535604|0.0
2290|630446|0.0
2290|159749|0.0
2290|708315|0.0
2290|528899|0.0
2290|214214|0.0
2290|319544|0.0
2290|640697|0.0
2290|587255|0.0
2290|60729|0.0
2290|102064|0.0
2290|680965|0.0
2290|398717|0.0
2290|419102|0.0
2290|306480|0.0
2290|486943|0.0
2290|482067|0.0
2290|287789|0.0
2290|264840|0.0
2290|185136|0.0
2290|664505|0.0
2290|31022|0.0
2290|101626|0.0
2290|198125|0.0
2290|718278|0.135135135135
2290|723074|0.135135135135
2290|161319|0.0
2290|521308|0.135135135135
2290|320750|0.0
2290|513217|0.0
2290|366520|0.0
2290|226259|0.0
2290|659175|0.0
2290|301469|0.0
2290|56362|0.0
2290|823933|0.0
2290|564894|0.0
2290|527339|0.0
2290|420049|0.0
2290|411352|0.0
2290|273571|0.0
2290|242642|0.0
2290|277131|0.0
2290|543630|0.0
2290|64045|0.0
2290|499110|0.0
2290|788889|0.0
2290|531449|0.0
2290|309277|0.0
2290|477278|0.0
2290|91884|0.0
2290|357463|0.135135135135
2290|362262|0.0
2290|534888|0.0
2290|552761|0.0
2290|270460|0.0
2290|370972|0.0
2290|740807|0.0
2290|592731|0.0
2290|575247|0.0
2290|323297|0.0
2290|648790|0.0
2290|315096|0.0
2290|391885|0.0
2290|140939|0.0
2290|529926|0.0
2290|674741|0.0
2290|688954|0.0
2290|267424|0.0
2290|829785|0.0
2290|512798|0.0
658|545966|0.589285714286
658|407122|0.717391304348
658|597121|0.673913043478
658|163201|0.717391304348
658|625199|0.673913043478
658|429477|0.717391304348
658|587377|0.717391304348
658|114604|0.673913043478
658|170418|0.673913043478
658|84831|0.717391304348
658|475522|0.673913043478
658|254643|0.589285714286
658|804235|0.717391304348
658|774474|0.717391304348
658|570787|0.717391304348
658|214568|0.717391304348
658|690789|0.717391304348
658|472913|0.673913043478
658|306553|0.717391304348
658|317658|0.717391304348
658|240742|0.717391304348
658|595606|0.717391304348
658|104350|0.589285714286
658|744302|0.673913043478
658|547615|0.717391304348
658|446088|0.740740740741
658|794404|0.717391304348
658|180264|0.717391304348
658|336707|0.673913043478
658|650098|0.717391304348
658|92558|0.717391304348
658|640944|0.717391304348
658|98556|0.717391304348
658|91575|0.717391304348
658|348186|0.717391304348
658|552345|0.673913043478
658|589583|0.717391304348
658|181216|0.717391304348
658|216817|0.717391304348
658|652659|0.717391304348
658|164364|0.717391304348
658|485075|0.553571428571
658|430287|0.751020408163
658|100488|0.717391304348
658|424651|0.717391304348
658|821149|0.589285714286
658|315736|0.717391304348
658|710871|0.751020408163
658|432576|0.717391304348
658|52601|0.717391304348
658|491261|0.859154929577
658|557341|0.84126984127
658|176954|0.84126984127
658|16615|0.816666666667
658|765114|0.816666666667
658|139483|0.840579710145
658|26854|0.84126984127
658|83816|0.859154929577
658|575665|0.857142857143
658|281561|0.840579710145
658|705378|0.816666666667
658|348749|0.861111111111
658|785370|0.736842105263
658|734505|0.84126984127
658|311893|0.727272727273
658|54442|0.727272727273
658|367379|0.84126984127
658|830991|0.840579710145
658|378184|0.84126984127
658|202687|0.0
658|168587|0.835443037975
658|234381|0.84126984127
658|124548|0.787037037037
658|520285|0.84126984127
658|108272|0.84126984127
658|703243|0.84126984127
658|284807|0.84126984127
658|576462|0.861111111111
658|810820|0.840579710145
658|619463|0.861111111111
658|256221|0.861111111111
658|506072|0.84126984127
658|422443|0.857142857143
658|591674|0.84126984127
658|387016|0.857142857143
658|10803|0.84126984127
658|115395|0.859154929577
658|534095|0.859154929577
658|489162|0.857142857143
658|368537|0.84126984127
658|679999|0.736842105263
658|329792|0.84126984127
658|20157|0.859154929577
658|95153|0.835443037975
658|309700|0.787037037037
658|257075|0.84126984127
658|828243|0.816666666667
658|331139|0.84126984127
658|674863|0.84126984127
658|377832|0.84126984127
2892|351699|0.0
2892|23715|0.0
2892|455654|0.0
2892|374558|0.0
2892|325213|0.0
2892|589622|0.0
2892|710561|0.0
2892|524298|0.0
2892|318980|0.0
2892|688784|0.0
2892|732931|0.0
2892|145715|0.0
2892|152683|0.0
2892|408822|0.0
2892|191867|0.0
2892|22469|0.0
2892|421655|0.0
2892|444273|0.0
2892|631846|0.0
2892|90634|0.0
2892|794216|0.0
2892|354014|0.0
2892|519423|0.0
2892|120703|0.0
2892|390507|0.0
2892|132051|0.0
2892|37260|0.0
2892|577900|0.0
2892|651458|0.0
2892|535604|0.0
2892|630446|0.0
2892|159749|0.0
2892|708315|0.0
2892|528899|0.0
2892|214214|0.0
2892|319544|0.0
2892|640697|0.0
2892|587255|0.0
2892|60729|0.0
2892|102064|0.0
2892|680965|0.0
2892|398717|0.0
2892|419102|0.0
2892|306480|0.0
2892|486943|0.0
2892|482067|0.0
2892|287789|0.0
2892|264840|0.0
2892|185136|0.0
2892|664505|0.0
2892|421252|0.605263157895
2892|442580|0.605263157895
2892|566483|0.411764705882
2892|818388|0.605263157895
2892|568602|0.418367346939
2892|670755|0.605263157895
2892|508705|0.605263157895
2892|519640|0.605263157895
2892|818236|0.605263157895
2892|803378|0.0
2892|663247|0.571428571429
2892|624575|0.269230769231
2892|769103|0.418367346939
2892|340550|0.605263157895
2892|143521|0.0
2892|640759|0.418367346939
2892|804338|0.0
2892|401655|0.605263157895
2892|38122|0.0
2892|699285|0.418367346939
2892|639591|0.418367346939
2892|787434|0.418367346939
2892|793962|0.605263157895
2892|43623|0.605263157895
2892|508589|0.0
2892|350151|0.605263157895
2892|58637|0.605263157895
2892|30660|0.418367346939
2892|562176|0.605263157895
2892|62485|0.605263157895
2892|237209|0.605263157895
2892|163639|0.571428571429
2892|463065|0.605263157895
2892|773729|0.418367346939
2892|259737|0.605263157895
2892|73427|0.418367346939
2892|404339|0.605263157895
2892|223238|0.418367346939
2892|224053|0.605263157895
2892|760709|0.605263157895
2892|369525|0.605263157895
2892|563925|0.418367346939
2892|637074|0.605263157895
2892|284981|0.605263157895
2892|114086|0.605263157895
2892|34728|0.571428571429
2892|529559|0.0
2892|734738|0.571428571429
2892|830566|0.571428571429
2892|473898|0.0
2836|351699|0.0
2836|23715|0.0
2836|455654|0.0
2836|374558|0.0
2836|325213|0.0
2836|589622|0.0
2836|710561|0.0
2836|524298|0.0
2836|318980|0.0
2836|688784|0.0
2836|732931|0.0
2836|145715|0.0
2836|152683|0.0
2836|408822|0.0
2836|191867|0.0
2836|22469|0.0
2836|421655|0.0
2836|444273|0.0
2836|631846|0.0
2836|90634|0.0
2836|794216|0.0
2836|354014|0.0
2836|519423|0.0
2836|120703|0.0
2836|390507|0.0
2836|132051|0.0
2836|37260|0.0
2836|577900|0.0
2836|651458|0.0
2836|535604|0.0
2836|630446|0.0
2836|159749|0.0
2836|708315|0.0
2836|528899|0.0
2836|214214|0.0
2836|319544|0.0
2836|640697|0.0
2836|587255|0.0
2836|60729|0.0
2836|102064|0.0
2836|680965|0.0
2836|398717|0.0
2836|419102|0.0
2836|306480|0.0
2836|486943|0.0
2836|482067|0.0
2836|287789|0.0
2836|264840|0.0
2836|185136|0.0
2836|664505|0.0
2836|751689|0.0
2836|325213|0.0
2836|145713|0.333333333333
2836|404160|0.355555555556
2836|82923|0.333333333333
2836|629590|0.333333333333
2836|418253|0.0
2836|828252|0.4375
2836|96492|0.225806451613
2836|186443|0.0
2836|519558|0.0
2836|831379|0.0
2836|527733|0.333333333333
2836|324292|0.307692307692
2836|545638|0.0
2836|812688|0.0
2836|271166|0.43137254902
2836|145377|0.225806451613
2836|212685|0.333333333333
2836|323657|0.0
2836|603178|0.0
2836|788208|0.0
2836|116163|0.0
2836|314915|0.0
2836|240556|0.43137254902
2836|129920|0.0
2836|138867|0.0
2836|723645|0.0
2836|220238|0.225806451613
2836|489350|0.0
2836|61438|0.355555555556
2836|521741|0.0
2836|687463|0.355555555556
2836|759296|0.428571428571
2836|410239|0.0
2836|490789|0.0
2836|225106|0.333333333333
2836|380915|0.4
2836|127257|0.0
2836|650989|0.0
2836|172373|0.318181818182
2836|588446|0.333333333333
2836|579237|0.0
2836|200435|0.416666666667
2836|525133|0.0
2836|610781|0.0
2836|9121|0.288888888889
2836|185471|0.0
2836|472826|0.4
2836|639265|0.0
986|448317|0.0
986|534910|0.0
986|402096|0.0
986|257356|0.0
986|94506|0.0
986|795859|0.0
986|473998|0.0
986|676075|0.0
986|67847|0.0
986|285676|0.0
986|586554|0.0
986|746592|0.0
986|239742|0.0
986|139848|0.0
986|349118|0.0
986|571677|0.0
986|341659|0.0
986|768131|0.0
986|232153|0.0
986|131423|0.0
986|40515|0.0
986|58687|0.0
986|735432|0.0
986|423504|0.0
986|686199|0.0
986|759876|0.0
986|104759|0.0
986|454415|0.0
986|460630|0.0
986|834026|0.0
986|330915|0.0
986|112332|0.0
986|107588|0.0
986|749979|0.0
986|253839|0.0
986|491175|0.0
986|738285|0.0
986|139286|0.0
986|122178|0.0
986|705913|0.0
986|668034|0.0
986|174178|0.0
986|121914|0.0
986|591500|0.0
986|365977|0.0
986|134429|0.0
986|351064|0.0
986|467175|0.0
986|637028|0.0
986|817103|0.0
986|619952|0.594594594595
986|686913|0.594594594595
986|38360|0.475
986|483340|0.594594594595
986|287022|0.585365853659
986|23876|0.5
986|173550|0.589743589744
986|206128|0.575
986|509118|0.589743589744
986|628228|0.527777777778
986|306758|0.575
986|661230|0.589743589744
986|792972|0.585365853659
986|153711|0.589743589744
986|614422|0.589743589744
986|819356|0.475
986|547538|0.585365853659
986|682749|0.585365853659
986|688949|0.585365853659
986|405326|0.575
986|24647|0.575
986|494322|0.5
986|368955|0.589743589744
986|809453|0.585365853659
986|666370|0.589743589744
986|79415|0.589743589744
986|402089|0.0
986|37564|0.585365853659
986|222500|0.589743589744
986|151253|0.589743589744
986|585628|0.585365853659
986|813992|0.589743589744
986|520787|0.589743589744
986|711358|0.585365853659
986|19140|0.585365853659
986|661246|0.575
986|454343|0.585365853659
986|647706|0.575
986|671078|0.589743589744
986|122555|0.585365853659
986|614513|0.589743589744
986|97242|0.585365853659
986|51683|0.589743589744
986|114146|0.585365853659
986|355096|0.585365853659
986|244515|0.589743589744
986|662985|0.585365853659
986|312722|0.589743589744
986|342353|0.552631578947
986|154842|0.585365853659
410|386849|0.175438596491
410|152554|0.126984126984
410|40923|0.175438596491
410|667197|0.126984126984
410|271352|0.175438596491
410|777409|0.175438596491
410|189915|0.126984126984
410|37302|0.175438596491
410|55013|0.175438596491
410|622311|0.126984126984
410|549254|0.175438596491
410|653705|0.175438596491
410|635852|0.175438596491
410|831596|0.175438596491
410|683817|0.126984126984
410|601625|0.175438596491
410|700211|0.175438596491
410|144914|0.175438596491
410|659488|0.175438596491
410|534725|0.126984126984
410|49104|0.175438596491
410|153097|0.126984126984
410|682625|0.175438596491
410|53761|0.175438596491
410|374974|0.175438596491
410|814529|0.175438596491
410|664634|0.175438596491
410|119216|0.175438596491
410|255058|0.175438596491
410|731782|0.175438596491
410|604156|0.175438596491
410|329782|0.175438596491
410|372419|0.175438596491
410|597531|0.175438596491
410|205564|0.175438596491
410|166355|0.175438596491
410|763733|0.175438596491
410|405195|0.175438596491
410|307851|0.175438596491
410|200244|0.126984126984
410|740499|0.175438596491
410|747005|0.175438596491
410|389573|0.175438596491
410|439838|0.175438596491
410|561477|0.175438596491
410|658129|0.175438596491
410|748530|0.175438596491
410|679708|0.126984126984
410|158954|0.126984126984
410|317834|0.175438596491
410|169925|0.0
410|170910|0.0
410|23715|0.0
410|435509|0.0
410|29251|0.0
410|70925|0.0
410|491965|0.0
410|183705|0.0
410|317997|0.0
410|781032|0.0
410|239726|0.0
410|196677|0.0
410|595014|0.0
410|26380|0.0
410|36511|0.0
410|66139|0.0
410|128493|0.0
410|438137|0.0
410|729765|0.0
410|728318|0.0
410|177982|0.0
410|505471|0.0
410|462869|0.0
410|554098|0.0
410|326907|0.0
410|789268|0.0
410|439220|0.0
410|534155|0.0
410|325174|0.0
410|730926|0.0
410|209751|0.0
410|673953|0.0
410|781113|0.0
410|37402|0.0
410|574588|0.0
410|411993|0.0
410|530383|0.0
410|136996|0.0
410|684020|0.0
410|21069|0.0
410|429610|0.0
410|232950|0.0
410|712854|0.0
410|501598|0.0
410|819176|0.0
410|640938|0.0
410|450050|0.0
410|220482|0.0
410|570664|0.0
410|651338|0.0
1496|448317|0.0
1496|534910|0.0
1496|402096|0.0
1496|257356|0.0
1496|94506|0.0
1496|795859|0.0
1496|473998|0.0
1496|676075|0.0
1496|67847|0.0
1496|285676|0.0
1496|586554|0.0
1496|746592|0.0
1496|239742|0.0
1496|139848|0.0
1496|349118|0.0
1496|571677|0.0
1496|341659|0.0
1496|768131|0.0
1496|232153|0.0
1496|131423|0.0
1496|40515|0.0
1496|58687|0.0
1496|735432|0.0
1496|423504|0.0
1496|686199|0.0
1496|759876|0.0
1496|104759|0.0
1496|454415|0.0
1496|460630|0.0
1496|834026|0.0
1496|330915|0.0
1496|112332|0.0
1496|107588|0.0
1496|749979|0.0
1496|253839|0.0
1496|491175|0.0
1496|738285|0.0
1496|139286|0.0
1496|122178|0.0
1496|705913|0.0
1496|668034|0.0
1496|174178|0.0
1496|121914|0.0
1496|591500|0.0
1496|365977|0.0
1496|134429|0.0
1496|351064|0.0
1496|467175|0.0
1496|637028|0.0
1496|817103|0.0
1496|544809|0.714285714286
1496|827052|0.8125
1496|722292|0.815384615385
1496|351988|0.815384615385
1496|700425|0.75
1496|450650|0.8125
1496|46682|0.814814814815
1496|809833|0.821428571429
1496|84834|0.8125
1496|677342|0.8125
1496|385420|0.791666666667
1496|348344|0.0
1496|214545|0.8125
1496|232857|0.636363636364
1496|799233|0.636363636364
1496|359204|0.0
1496|644076|0.815384615385
1496|429747|0.815384615385
1496|820918|0.228070175439
1496|582152|0.816901408451
1496|579852|0.0
1496|517237|0.815384615385
1496|144273|0.708333333333
1496|277430|0.815384615385
1496|580133|0.815384615385
1496|441257|0.8125
1496|706949|0.105263157895
1496|675634|0.777777777778
1496|153069|0.821428571429
1496|544555|0.815384615385
1496|513760|0.8125
1496|439433|0.815384615385
1496|692043|0.0
1496|587070|0.78431372549
1496|630289|0.791666666667
1496|256775|0.0
1496|406020|0.486486486486
1496|713743|0.777777777778
1496|834216|0.821428571429
1496|813198|0.815384615385
1496|172062|0.815384615385
1496|259683|0.821428571429
1496|645307|0.0
1496|482940|0.0
1496|369682|0.821428571429
1496|628062|0.8125
1496|793572|0.8125
1496|639366|0.0
1496|462907|0.424657534247
1496|276092|0.815384615385
2577|23273|0.0
2577|721107|0.847682119205
2577|269873|0.819047619048
2577|117081|0.0
2577|498098|0.0
2577|685525|0.869565217391
2577|155966|0.0
2577|560205|0.87898089172
2577|454965|0.0
2577|98720|0.0
2577|408221|0.864864864865
2577|659384|0.769230769231
2577|151012|0.0
2577|753121|0.0
2577|120293|0.869565217391
2577|283127|0.0
2577|602653|0.867256637168
2577|374435|0.876623376623
2577|352441|0.0
2577|261635|0.875816993464
2577|127369|0.842105263158
2577|547858|0.87898089172
2577|159583|0.0
2577|654504|0.0
2577|779577|0.845588235294
2577|438826|0.653333333333
2577|159779|0.0
2577|401944|0.0
2577|773084|0.872483221477
2577|142744|0.481481481481
2577|786646|0.876543209877
2577|285899|0.881578947368
2577|214688|0.587301587302
2577|616307|0.0
2577|399391|0.872483221477
2577|307336|0.872483221477
2577|457509|0.876543209877
2577|268530|0.0
2577|267508|0.0
2577|465520|0.0
2577|41663|0.805825242718
2577|497896|0.87323943662
2577|595349|0.0
2577|221846|0.876543209877
2577|386775|0.879746835443
2577|317495|0.858895705521
2577|803814|0.730337078652
2577|90481|0.87898089172
2577|602621|0.848214285714
2577|762903|0.876543209877
2577|609986|0.0
2577|218095|0.0
2577|266554|0.0
2577|361952|0.0
2577|683156|0.0
2577|169927|0.0
2577|707202|0.0
2577|307887|0.0
2577|57705|0.0
2577|392979|0.0
2577|184866|0.0
2577|119362|0.0
2577|361334|0.0
2577|264865|0.0
2577|407125|0.0
2577|764976|0.0
2577|166393|0.0
2577|712910|0.0
2577|554719|0.0
2577|794993|0.0
2577|500443|0.0
2577|260138|0.0
2577|10753|0.0
2577|609173|0.0
2577|522238|0.0
2577|179316|0.0
2577|696810|0.0
2577|738930|0.0
2577|284010|0.0
2577|765532|0.0
2577|265946|0.0
2577|461341|0.0
2577|638228|0.0
2577|820540|0.0
2577|554970|0.0
2577|301068|0.0
2577|273836|0.0
2577|520934|0.0
2577|828284|0.0
2577|691099|0.0
2577|296285|0.0
2577|494866|0.0
2577|105714|0.0
2577|478856|0.0
2577|538846|0.0
2577|342714|0.0
2577|235506|0.0
2577|617748|0.0
2577|27502|0.0
2577|638001|0.0
1292|163505|0.0
1292|525633|0.0
1292|404345|0.0
1292|468153|0.0
1292|282356|0.0
1292|522728|0.0
1292|420414|0.0
1292|215206|0.0
1292|728257|0.0
1292|774027|0.0
1292|472054|0.0
1292|407180|0.0
1292|381017|0.0
1292|369636|0.0
1292|361823|0.0
1292|302329|0.0
1292|579988|0.0
1292|9910|0.0
1292|395161|0.0
1292|246673|0.0
1292|516109|0.0
1292|232350|0.0
1292|553735|0.0
1292|265915|0.0
1292|150709|0.0
1292|137065|0.0
1292|431553|0.0
1292|537788|0.0
1292|199357|0.0
1292|511431|0.0
1292|795400|0.0
1292|591576|0.0
1292|659292|0.0
1292|95483|0.0
1292|250991|0.0
1292|419016|0.0
1292|114738|0.0
1292|598313|0.0
1292|589328|0.0
1292|329288|0.0
1292|506070|0.0
1292|39100|0.0
1292|706275|0.0
1292|508449|0.0
1292|666349|0.0
1292|295320|0.0
1292|722742|0.0
1292|439876|0.0
1292|824983|0.0
1292|599435|0.0
1292|698786|0.161290322581
1292|268836|0.161290322581
1292|471380|0.161290322581
1292|126546|0.161290322581
1292|773735|0.161290322581
1292|243357|0.161290322581
1292|365550|0.161290322581
1292|810170|0.161290322581
1292|795789|0.161290322581
1292|302506|0.161290322581
1292|738616|0.161290322581
1292|658153|0.161290322581
1292|122179|0.161290322581
1292|342797|0.161290322581
1292|734104|0.161290322581
1292|617838|0.161290322581
1292|301081|0.161290322581
1292|451730|0.161290322581
1292|606625|0.161290322581
1292|73340|0.161290322581
1292|531700|0.161290322581
1292|672071|0.161290322581
1292|571975|0.0
1292|240476|0.161290322581
1292|205471|0.161290322581
1292|727485|0.161290322581
1292|84230|0.161290322581
1292|181526|0.161290322581
1292|602690|0.161290322581
1292|337356|0.161290322581
1292|150786|0.161290322581
1292|743468|0.161290322581
1292|650071|0.161290322581
1292|790780|0.161290322581
1292|672081|0.161290322581
1292|410691|0.161290322581
1292|212536|0.161290322581
1292|589057|0.161290322581
1292|409101|0.161290322581
1292|685576|0.161290322581
1292|714980|0.161290322581
1292|795675|0.161290322581
1292|309801|0.161290322581
1292|285108|0.161290322581
1292|538763|0.161290322581
1292|308814|0.161290322581
1292|365933|0.0789473684211
1292|273269|0.0
1292|267954|0.105263157895
1292|344184|0.105263157895
1760|600150|0.707865168539
1760|812674|0.75641025641
1760|698654|0.702702702703
1760|193449|0.75641025641
1760|140147|0.733333333333
1760|164764|0.702702702703
1760|831654|0.620689655172
1760|50436|0.75641025641
1760|217678|0.620689655172
1760|525305|0.75641025641
1760|319044|0.702702702703
1760|633690|0.666666666667
1760|287508|0.702702702703
1760|809515|0.620689655172
1760|465614|0.75641025641
1760|818054|0.702702702703
1760|166986|0.5
1760|217180|0.5
1760|486679|0.714285714286
1760|665790|0.714285714286
1760|143720|0.747474747475
1760|490564|0.75641025641
1760|566639|0.666666666667
1760|621896|0.620689655172
1760|161466|0.666666666667
1760|177568|0.714285714286
1760|298969|0.702702702703
1760|12539|0.714285714286
1760|496061|0.702702702703
1760|647142|0.666666666667
1760|372370|0.702702702703
1760|177484|0.666666666667
1760|362062|0.714285714286
1760|584771|0.666666666667
1760|551328|0.702702702703
1760|771222|0.620689655172
1760|793267|0.702702702703
1760|619463|0.666666666667
1760|608555|0.620689655172
1760|226009|0.702702702703
1760|525051|0.666666666667
1760|325089|0.666666666667
1760|332107|0.620689655172
1760|544403|0.714285714286
1760|554039|0.666666666667
1760|79221|0.620689655172
1760|630763|0.620689655172
1760|311339|0.702702702703
1760|818700|0.708333333333
1760|529491|0.714285714286
1760|491520|0.5
1760|31022|0.55
1760|101626|0.55
1760|198125|0.55
1760|421010|0.5
1760|429119|0.5
1760|161319|0.55
1760|792537|0.5
1760|804277|0.5
1760|12766|0.5
1760|39156|0.5
1760|352023|0.5
1760|255216|0.5
1760|320750|0.55
1760|652001|0.5
1760|181209|0.5
1760|513217|0.55
1760|366520|0.55
1760|226259|0.55
1760|659175|0.55
1760|301469|0.55
1760|56362|0.55
1760|823933|0.55
1760|564894|0.55
1760|527339|0.55
1760|420049|0.55
1760|411352|0.55
1760|733587|0.5
1760|273571|0.55
1760|242642|0.55
1760|277131|0.55
1760|543630|0.55
1760|72192|0.5
1760|64045|0.55
1760|499110|0.55
1760|788889|0.55
1760|531449|0.55
1760|298820|0.428571428571
1760|309277|0.55
1760|200498|0.5
1760|477278|0.55
1760|91884|0.55
1760|413322|0.5
1760|832503|0.5
1760|427776|0.5
1760|177191|0.5
1760|605233|0.5
1760|278556|0.5
1760|263655|0.428571428571
1760|256171|0.5
1879|386849|0.175438596491
1879|152554|0.126984126984
1879|40923|0.175438596491
1879|667197|0.126984126984
1879|271352|0.175438596491
1879|777409|0.175438596491
1879|189915|0.126984126984
1879|37302|0.175438596491
1879|55013|0.175438596491
1879|622311|0.126984126984
1879|549254|0.175438596491
1879|653705|0.175438596491
1879|635852|0.175438596491
1879|831596|0.175438596491
1879|683817|0.126984126984
1879|601625|0.175438596491
1879|700211|0.175438596491
1879|144914|0.175438596491
1879|659488|0.175438596491
1879|534725|0.126984126984
1879|49104|0.175438596491
1879|153097|0.126984126984
1879|682625|0.175438596491
1879|53761|0.175438596491
1879|374974|0.175438596491
1879|814529|0.175438596491
1879|664634|0.175438596491
1879|119216|0.175438596491
1879|255058|0.175438596491
1879|731782|0.175438596491
1879|604156|0.175438596491
1879|329782|0.175438596491
1879|372419|0.175438596491
1879|597531|0.175438596491
1879|205564|0.175438596491
1879|166355|0.175438596491
1879|763733|0.175438596491
1879|405195|0.175438596491
1879|307851|0.175438596491
1879|200244|0.126984126984
1879|740499|0.175438596491
1879|747005|0.175438596491
1879|389573|0.175438596491
1879|439838|0.175438596491
1879|561477|0.175438596491
1879|658129|0.175438596491
1879|748530|0.175438596491
1879|679708|0.126984126984
1879|158954|0.126984126984
1879|317834|0.175438596491
1879|344177|0.698113207547
1879|627768|0.644444444444
1879|417075|0.24
1879|124535|0.644444444444
1879|605244|0.698113207547
1879|768867|0.698113207547
1879|233388|0.24
1879|726719|0.24
1879|316716|0.698113207547
1879|827331|0.698113207547
1879|366240|0.644444444444
1879|253191|0.644444444444
1879|292923|0.698113207547
1879|548517|0.24
1879|235569|0.698113207547
1879|525699|0.644444444444
1879|360794|0.698113207547
1879|290290|0.644444444444
1879|311027|0.24
1879|141336|0.0
1879|169902|0.698113207547
1879|581716|0.644444444444
1879|715442|0.644444444444
1879|811370|0.24
1879|16824|0.698113207547
1879|46456|0.698113207547
1879|365507|0.24
1879|89187|0.24
1879|73069|0.644444444444
1879|519610|0.644444444444
1879|816322|0.644444444444
1879|44552|0.644444444444
1879|542749|0.644444444444
1879|651540|0.24
1879|578782|0.698113207547
1879|833242|0.24
1879|81037|0.644444444444
1879|544795|0.644444444444
1879|548543|0.24
1879|781062|0.698113207547
1879|784479|0.644444444444
1879|205327|0.644444444444
1879|275822|0.24
1879|439515|0.644444444444
1879|284110|0.698113207547
1879|286344|0.24
1879|49431|0.24
1879|466367|0.644444444444
1879|156038|0.536585365854
1879|704710|0.644444444444
1974|23273|0.0
1974|721107|0.847682119205
1974|269873|0.819047619048
1974|117081|0.0
1974|498098|0.0
1974|685525|0.869565217391
1974|155966|0.0
1974|560205|0.87898089172
1974|454965|0.0
1974|98720|0.0
1974|408221|0.864864864865
1974|659384|0.769230769231
1974|151012|0.0
1974|753121|0.0
1974|120293|0.869565217391
1974|283127|0.0
1974|602653|0.867256637168
1974|374435|0.876623376623
1974|352441|0.0
1974|261635|0.875816993464
1974|127369|0.842105263158
1974|547858|0.87898089172
1974|159583|0.0
1974|654504|0.0
1974|779577|0.845588235294
1974|438826|0.653333333333
1974|159779|0.0
1974|401944|0.0
1974|773084|0.872483221477
1974|142744|0.481481481481
1974|786646|0.876543209877
1974|285899|0.881578947368
1974|214688|0.587301587302
1974|616307|0.0
1974|399391|0.872483221477
1974|307336|0.872483221477
1974|457509|0.876543209877
1974|268530|0.0
1974|267508|0.0
1974|465520|0.0
1974|41663|0.805825242718
1974|497896|0.87323943662
1974|595349|0.0
1974|221846|0.876543209877
1974|386775|0.879746835443
1974|317495|0.858895705521
1974|803814|0.730337078652
1974|90481|0.87898089172
1974|602621|0.848214285714
1974|762903|0.876543209877
1974|250950|0.0
1974|393908|0.0
1974|699947|0.0
1974|265966|0.0
1974|770133|0.0
1974|484409|0.0
1974|746693|0.0
1974|234120|0.0
1974|240994|0.0
1974|75084|0.0
1974|185378|0.0
1974|75947|0.0
1974|654472|0.0
1974|745082|0.0
1974|664143|0.0
1974|347099|0.0
1974|253810|0.0
1974|241055|0.0
1974|364801|0.0
1974|379435|0.0
1974|146731|0.0
1974|301707|0.0
1974|422160|0.0
1974|171798|0.0
1974|477416|0.0
1974|446722|0.0
1974|421455|0.0
1974|496532|0.0
1974|753988|0.0
1974|260827|0.0
1974|764645|0.0
1974|137648|0.0
1974|637977|0.0
1974|200590|