3755|778285|0.0
3755|494929|0.0
3755|494920|0.0
3755|494925|0.0
3755|494926|0.0
3755|494310|0.0
3755|545962|0.0
3755|554374|0.0
3755|168086|0.0
3755|719203|0.0
3755|513059|0.0
3755|513052|0.0
3755|513054|0.0
3755|513055|0.0
3755|303233|0.0
3755|388671|0.0
3755|532448|0.0
3755|572083|0.0
3755|773131|0.0
3755|309429|0.0
3755|265104|0.0
3755|233032|0.0
3755|233034|0.0
3755|596922|0.0
3755|596924|0.0
3755|157248|0.0
3755|130894|0.0
3755|345891|0.0
3755|230718|0.0
3755|667799|0.0
3755|619952|0.0
3755|726082|0.0
3755|820224|0.0
3755|170911|0.0
3755|320297|0.0
3755|236906|0.0
3755|246206|0.0
3755|246207|0.0
3755|739015|0.0
3755|323985|0.0
3755|693714|0.0
3755|785559|0.0
3755|451992|0.0
3755|539802|0.0
3755|250816|0.0
3755|665912|0.0
3755|162574|0.0
3755|162579|0.0
3755|579720|0.0
3755|190783|0.0
3755|95858|0.0
3755|37265|0.0
3755|612073|0.0
3755|582559|0.0
3755|114649|0.0
3755|684902|0.0
3755|463615|0.0
3755|229342|0.0
3755|610424|0.0
3755|298651|0.0
3755|715480|0.0
3755|510969|0.0
3755|255396|0.0
3755|132887|0.0
3755|672476|0.0
3755|83418|0.0
3755|277739|0.0
3755|443224|0.0
3755|201476|0.0
3755|180795|0.0
3755|40483|0.0
3755|665608|0.0
3755|587720|0.0
3755|114696|0.0
3755|249646|0.0
3755|125595|0.0
3755|137161|0.0
3755|641952|0.0
3755|363081|0.0
3755|543772|0.0
3755|373006|0.0
3755|782920|0.0
3755|617960|0.0
3755|379079|0.0
3755|59703|0.0
3755|646685|0.0
3755|719074|0.0
3755|671374|0.0
3755|553051|0.0
3755|831829|0.0
3755|517843|0.0
3755|120113|0.0
3755|120524|0.0
3755|692147|0.0
3755|424802|0.0
3755|211942|0.0
3755|531216|0.0
3755|112995|0.0
3755|257695|0.0
3755|545524|0.0
4991|778285|0.0
4991|494929|0.0
4991|494920|0.0
4991|494925|0.0
4991|494926|0.0
4991|494310|0.0
4991|545962|0.0
4991|554374|0.0
4991|168086|0.0
4991|719203|0.0
4991|513059|0.0
4991|513052|0.0
4991|513054|0.0
4991|513055|0.0
4991|303233|0.0
4991|388671|0.0
4991|532448|0.0
4991|572083|0.0
4991|773131|0.0
4991|309429|0.0
4991|265104|0.0
4991|233032|0.0
4991|233034|0.0
4991|596922|0.0
4991|596924|0.0
4991|157248|0.0
4991|130894|0.0
4991|345891|0.0
4991|230718|0.0
4991|667799|0.0
4991|619952|0.0
4991|726082|0.0
4991|820224|0.0
4991|170911|0.0
4991|320297|0.0
4991|236906|0.0
4991|246206|0.0
4991|246207|0.0
4991|739015|0.0
4991|323985|0.0
4991|693714|0.0
4991|785559|0.0
4991|451992|0.0
4991|539802|0.0
4991|250816|0.0
4991|665912|0.0
4991|162574|0.0
4991|162579|0.0
4991|579720|0.0
4991|190783|0.0
4991|439723|0.0
4991|224406|0.582089552239
4991|49716|0.345454545455
4991|239829|0.605263157895
4991|802777|0.0
4991|141826|0.0
4991|797037|0.535714285714
4991|591223|0.605263157895
4991|400743|0.605263157895
4991|307793|0.0
4991|174576|0.395348837209
4991|78869|0.0
4991|93081|0.535714285714
4991|703081|0.0
4991|225194|0.345454545455
4991|706466|0.272727272727
4991|115565|0.535714285714
4991|713368|0.631578947368
4991|402894|0.0
4991|28176|0.631578947368
4991|168018|0.571428571429
4991|487831|0.631578947368
4991|645236|0.605263157895
4991|713814|0.395348837209
4991|595124|0.605263157895
4991|316859|0.535714285714
4991|780014|0.0
4991|617267|0.605263157895
4991|82846|0.605263157895
4991|522943|0.626666666667
4991|334702|0.605263157895
4991|435736|0.0
4991|249100|0.605263157895
4991|345707|0.395348837209
4991|329063|0.605263157895
4991|748022|0.0
4991|494487|0.605263157895
4991|48317|0.395348837209
4991|216791|0.605263157895
4991|804797|0.535714285714
4991|119715|0.605263157895
4991|615791|0.605263157895
4991|282728|0.605263157895
4991|178339|0.582089552239
4991|521910|0.605263157895
4991|652676|0.34693877551
4991|573608|0.395348837209
4991|452753|0.0
4991|286066|0.605263157895
4991|175334|0.605263157895
4601|778285|0.0
4601|494929|0.0
4601|494920|0.0
4601|494925|0.0
4601|494926|0.0
4601|494310|0.0
4601|545962|0.0
4601|554374|0.0
4601|168086|0.0
4601|719203|0.0
4601|513059|0.0
4601|513052|0.0
4601|513054|0.0
4601|513055|0.0
4601|303233|0.0
4601|388671|0.0
4601|532448|0.0
4601|572083|0.0
4601|773131|0.0
4601|309429|0.0
4601|265104|0.0
4601|233032|0.0
4601|233034|0.0
4601|596922|0.0
4601|596924|0.0
4601|157248|0.0
4601|130894|0.0
4601|345891|0.0
4601|230718|0.0
4601|667799|0.0
4601|619952|0.0
4601|726082|0.0
4601|820224|0.0
4601|170911|0.0
4601|320297|0.0
4601|236906|0.0
4601|246206|0.0
4601|246207|0.0
4601|739015|0.0
4601|323985|0.0
4601|693714|0.0
4601|785559|0.0
4601|451992|0.0
4601|539802|0.0
4601|250816|0.0
4601|665912|0.0
4601|162574|0.0
4601|162579|0.0
4601|579720|0.0
4601|190783|0.0
4601|398849|0.5625
4601|373031|0.151515151515
4601|795984|0.5625
4601|75643|0.5625
4601|76526|0.5625
4601|713612|0.5625
4601|526188|0.5625
4601|424313|0.558139534884
4601|81819|0.5625
4601|828333|0.5625
4601|490755|0.5625
4601|267587|0.5625
4601|618765|0.5625
4601|419421|0.5
4601|794456|0.5625
4601|108966|0.5625
4601|710830|0.5625
4601|815458|0.5625
4601|428169|0.5625
4601|761408|0.558139534884
4601|651812|0.5625
4601|511489|0.5625
4601|801126|0.5625
4601|513132|0.5
4601|430868|0.5625
4601|565158|0.5
4601|538359|0.5625
4601|690909|0.5625
4601|578371|0.5625
4601|82695|0.5625
4601|640472|0.5625
4601|618539|0.5625
4601|326643|0.527272727273
4601|810345|0.5625
4601|808277|0.5625
4601|146562|0.5625
4601|81357|0.5625
4601|97414|0.5625
4601|596245|0.5625
4601|800939|0.5625
4601|768026|0.5625
4601|242862|0.5625
4601|749900|0.5
4601|26286|0.5625
4601|117407|0.5625
4601|602168|0.5
4601|405369|0.132075471698
4601|694378|0.151515151515
4601|12679|0.493333333333
4601|566360|0.5
5943|778285|0.0
5943|494929|0.0
5943|494920|0.0
5943|494925|0.0
5943|494926|0.0
5943|494310|0.0
5943|545962|0.0
5943|554374|0.0
5943|168086|0.0
5943|719203|0.0
5943|513059|0.0
5943|513052|0.0
5943|513054|0.0
5943|513055|0.0
5943|303233|0.0
5943|388671|0.0
5943|532448|0.0
5943|572083|0.0
5943|773131|0.0
5943|309429|0.0
5943|265104|0.0
5943|233032|0.0
5943|233034|0.0
5943|596922|0.0
5943|596924|0.0
5943|157248|0.0
5943|130894|0.0
5943|345891|0.0
5943|230718|0.0
5943|667799|0.0
5943|619952|0.0
5943|726082|0.0
5943|820224|0.0
5943|170911|0.0
5943|320297|0.0
5943|236906|0.0
5943|246206|0.0
5943|246207|0.0
5943|739015|0.0
5943|323985|0.0
5943|693714|0.0
5943|785559|0.0
5943|451992|0.0
5943|539802|0.0
5943|250816|0.0
5943|665912|0.0
5943|162574|0.0
5943|162579|0.0
5943|579720|0.0
5943|190783|0.0
5943|654163|0.765432098765
5943|329553|0.702702702703
5943|558561|0.765432098765
5943|102241|0.710526315789
5943|39417|0.645161290323
5943|544509|0.710526315789
5943|768925|0.645161290323
5943|565209|0.765432098765
5943|416476|0.765432098765
5943|195381|0.772727272727
5943|725056|0.75
5943|669539|0.739130434783
5943|820287|0.739130434783
5943|357397|0.772727272727
5943|126970|0.75
5943|382156|0.645161290323
5943|418816|0.51724137931
5943|611714|0.72972972973
5943|223928|0.772727272727
5943|799141|0.756756756757
5943|130018|0.645161290323
5943|679962|0.765432098765
5943|474589|0.710526315789
5943|554706|0.645161290323
5943|421822|0.75
5943|94271|0.75
5943|53360|0.772727272727
5943|377494|0.710526315789
5943|766746|0.756756756757
5943|515801|0.0
5943|416248|0.765432098765
5943|567043|0.772727272727
5943|429322|0.772727272727
5943|325520|0.523255813953
5943|811302|0.645161290323
5943|575564|0.780487804878
5943|756441|0.645161290323
5943|128286|0.780487804878
5943|587951|0.547368421053
5943|281778|0.772727272727
5943|191922|0.772727272727
5943|694115|0.75
5943|573820|0.765432098765
5943|790368|0.765432098765
5943|394511|0.645161290323
5943|86794|0.645161290323
5943|637458|0.645161290323
5943|440375|0.710526315789
5943|185944|0.547368421053
5943|500023|0.645161290323
4664|778285|0.0
4664|494929|0.0
4664|494920|0.0
4664|494925|0.0
4664|494926|0.0
4664|494310|0.0
4664|545962|0.0
4664|554374|0.0
4664|168086|0.0
4664|719203|0.0
4664|513059|0.0
4664|513052|0.0
4664|513054|0.0
4664|513055|0.0
4664|303233|0.0
4664|388671|0.0
4664|532448|0.0
4664|572083|0.0
4664|773131|0.0
4664|309429|0.0
4664|265104|0.0
4664|233032|0.0
4664|233034|0.0
4664|596922|0.0
4664|596924|0.0
4664|157248|0.0
4664|130894|0.0
4664|345891|0.0
4664|230718|0.0
4664|667799|0.0
4664|619952|0.0
4664|726082|0.0
4664|820224|0.0
4664|170911|0.0
4664|320297|0.0
4664|236906|0.0
4664|246206|0.0
4664|246207|0.0
4664|739015|0.0
4664|323985|0.0
4664|693714|0.0
4664|785559|0.0
4664|451992|0.0
4664|539802|0.0
4664|250816|0.0
4664|665912|0.0
4664|162574|0.0
4664|162579|0.0
4664|579720|0.0
4664|190783|0.0
4664|15056|0.0
4664|761971|0.0
4664|677814|0.0
4664|332934|0.0
4664|655643|0.0
4664|178746|0.0
4664|534935|0.0
4664|693453|0.0
4664|190207|0.0
4664|753409|0.0
4664|286877|0.0
4664|485676|0.0
4664|454908|0.0
4664|149082|0.0
4664|486469|0.0
4664|269684|0.0
4664|684403|0.0
4664|470205|0.0
4664|208217|0.0
4664|116493|0.0
4664|520315|0.0
4664|487258|0.0
4664|202713|0.0
4664|362686|0.0
4664|503887|0.0
4664|126218|0.0
4664|361112|0.0
4664|126235|0.0
4664|101702|0.0
4664|616256|0.0
4664|602697|0.0
4664|607643|0.0
4664|527454|0.0
4664|394583|0.0
4664|608847|0.0
4664|301033|0.0
4664|602777|0.0
4664|376399|0.0
4664|36214|0.0
4664|281402|0.0
4664|646860|0.0
4664|165020|0.0
4664|36723|0.0
4664|100962|0.0
4664|662108|0.0
4664|569359|0.0
4664|782090|0.0
4664|776553|0.0
4664|483256|0.0
4664|17492|0.0
3679|778285|0.0
3679|494929|0.0
3679|494920|0.0
3679|494925|0.0
3679|494926|0.0
3679|494310|0.0
3679|545962|0.0
3679|554374|0.0
3679|168086|0.0
3679|719203|0.0
3679|513059|0.0
3679|513052|0.0
3679|513054|0.0
3679|513055|0.0
3679|303233|0.0
3679|388671|0.0
3679|532448|0.0
3679|572083|0.0
3679|773131|0.0
3679|309429|0.0
3679|265104|0.0
3679|233032|0.0
3679|233034|0.0
3679|596922|0.0
3679|596924|0.0
3679|157248|0.0
3679|130894|0.0
3679|345891|0.0
3679|230718|0.0
3679|667799|0.0
3679|619952|0.0
3679|726082|0.0
3679|820224|0.0
3679|170911|0.0
3679|320297|0.0
3679|236906|0.0
3679|246206|0.0
3679|246207|0.0
3679|739015|0.0
3679|323985|0.0
3679|693714|0.0
3679|785559|0.0
3679|451992|0.0
3679|539802|0.0
3679|250816|0.0
3679|665912|0.0
3679|162574|0.0
3679|162579|0.0
3679|579720|0.0
3679|190783|0.0
3679|303234|0.0
3679|486963|0.0
3679|264756|0.0
3679|467750|0.0
3679|820545|0.0
3679|570330|0.0
3679|134853|0.0
3679|414838|0.0
3679|191867|0.0
3679|794214|0.0
3679|183132|0.0
3679|390507|0.0
3679|123288|0.0
3679|404162|0.0
3679|212263|0.0
3679|27065|0.0
3679|575837|0.0
3679|216441|0.0
3679|239999|0.0
3679|466309|0.0
3679|686092|0.0
3679|210686|0.0
3679|679457|0.0
3679|791407|0.0
3679|467479|0.0
3679|567050|0.0
3679|833225|0.0
3679|271844|0.0
3679|420936|0.0
3679|568426|0.0
3679|353414|0.0
3679|246469|0.0
3679|156162|0.0
3679|46899|0.0
3679|174631|0.0
3679|720534|0.0
3679|553883|0.0
3679|353114|0.0
3679|343543|0.0
3679|679479|0.0
3679|489766|0.0
3679|487460|0.0
3679|721364|0.0
3679|390544|0.0
3679|353884|0.0
3679|630007|0.0
3679|73447|0.0
3679|791764|0.0
3679|402175|0.0
3679|571145|0.0
5766|778285|0.0
5766|494929|0.0
5766|494920|0.0
5766|494925|0.0
5766|494926|0.0
5766|494310|0.0
5766|545962|0.0
5766|554374|0.0
5766|168086|0.0
5766|719203|0.0
5766|513059|0.0
5766|513052|0.0
5766|513054|0.0
5766|513055|0.0
5766|303233|0.0
5766|388671|0.0
5766|532448|0.0
5766|572083|0.0
5766|773131|0.0
5766|309429|0.0
5766|265104|0.0
5766|233032|0.0
5766|233034|0.0
5766|596922|0.0
5766|596924|0.0
5766|157248|0.0
5766|130894|0.0
5766|345891|0.0
5766|230718|0.0
5766|667799|0.0
5766|619952|0.0
5766|726082|0.0
5766|820224|0.0
5766|170911|0.0
5766|320297|0.0
5766|236906|0.0
5766|246206|0.0
5766|246207|0.0
5766|739015|0.0
5766|323985|0.0
5766|693714|0.0
5766|785559|0.0
5766|451992|0.0
5766|539802|0.0
5766|250816|0.0
5766|665912|0.0
5766|162574|0.0
5766|162579|0.0
5766|579720|0.0
5766|190783|0.0
5766|190072|0.0
5766|490443|0.0
5766|489141|0.0
5766|305884|0.0
5766|354019|0.0
5766|560906|0.0
5766|378197|0.0
5766|646816|0.0
5766|214714|0.0
5766|681593|0.0
5766|120429|0.0
5766|534358|0.0
5766|757798|0.0
5766|478397|0.0
5766|762200|0.0
5766|584127|0.0
5766|220228|0.0
5766|508608|0.0
5766|743079|0.0
5766|148845|0.0
5766|536784|0.0
5766|651579|0.0
5766|297077|0.0
5766|75800|0.0
5766|368548|0.0
5766|458313|0.0
5766|23598|0.0
5766|529132|0.0
5766|515220|0.0
5766|597766|0.0
5766|203892|0.0
5766|373594|0.0
5766|782699|0.0
5766|670607|0.0
5766|316350|0.0
5766|318638|0.0
5766|213981|0.0
5766|170077|0.0
5766|499526|0.0
5766|195827|0.0
5766|442646|0.0
5766|361168|0.0
5766|398045|0.0
5766|260368|0.0
5766|226351|0.0
5766|267511|0.0
5766|321887|0.0
5766|391966|0.0
5766|15362|0.0
5766|404290|0.0
4454|778285|0.0
4454|494929|0.0
4454|494920|0.0
4454|494925|0.0
4454|494926|0.0
4454|494310|0.0
4454|545962|0.0
4454|554374|0.0
4454|168086|0.0
4454|719203|0.0
4454|513059|0.0
4454|513052|0.0
4454|513054|0.0
4454|513055|0.0
4454|303233|0.0
4454|388671|0.0
4454|532448|0.0
4454|572083|0.0
4454|773131|0.0
4454|309429|0.0
4454|265104|0.0
4454|233032|0.0
4454|233034|0.0
4454|596922|0.0
4454|596924|0.0
4454|157248|0.0
4454|130894|0.0
4454|345891|0.0
4454|230718|0.0
4454|667799|0.0
4454|619952|0.0
4454|726082|0.0
4454|820224|0.0
4454|170911|0.0
4454|320297|0.0
4454|236906|0.0
4454|246206|0.0
4454|246207|0.0
4454|739015|0.0
4454|323985|0.0
4454|693714|0.0
4454|785559|0.0
4454|451992|0.0
4454|539802|0.0
4454|250816|0.0
4454|665912|0.0
4454|162574|0.0
4454|162579|0.0
4454|579720|0.0
4454|190783|0.0
4454|337970|0.0
4454|412344|0.0
4454|797650|0.0
4454|201182|0.0967741935484
4454|537118|0.0
4454|279806|0.0967741935484
4454|232732|0.0
4454|288665|0.0967741935484
4454|203449|0.0967741935484
4454|39978|0.0
4454|47521|0.0
4454|60280|0.0967741935484
4454|443041|0.0967741935484
4454|662674|0.0967741935484
4454|662232|0.0
4454|481232|0.0967741935484
4454|603477|0.0
4454|427509|0.0967741935484
4454|815134|0.0967741935484
4454|779904|0.0967741935484
4454|258796|0.0
4454|89137|0.0967741935484
4454|440487|0.0
4454|94110|0.0
4454|811628|0.0
4454|684233|0.0967741935484
4454|577967|0.0
4454|649259|0.0
4454|152713|0.0
4454|521304|0.0
4454|66219|0.0
4454|634873|0.0
4454|537009|0.0
4454|443053|0.0
4454|171513|0.0
4454|255675|0.0
4454|780943|0.0
4454|754288|0.0
4454|790306|0.0
4454|683320|0.0
4454|531671|0.0
4454|548891|0.0
4454|588334|0.0
4454|629378|0.0
4454|802559|0.0
4454|111973|0.0
4454|773430|0.0
4454|129079|0.0
4454|465020|0.0
4454|544368|0.0
4229|778285|0.0
4229|494929|0.0
4229|494920|0.0
4229|494925|0.0
4229|494926|0.0
4229|494310|0.0
4229|545962|0.0
4229|554374|0.0
4229|168086|0.0
4229|719203|0.0
4229|513059|0.0
4229|513052|0.0
4229|513054|0.0
4229|513055|0.0
4229|303233|0.0
4229|388671|0.0
4229|532448|0.0
4229|572083|0.0
4229|773131|0.0
4229|309429|0.0
4229|265104|0.0
4229|233032|0.0
4229|233034|0.0
4229|596922|0.0
4229|596924|0.0
4229|157248|0.0
4229|130894|0.0
4229|345891|0.0
4229|230718|0.0
4229|667799|0.0
4229|619952|0.0
4229|726082|0.0
4229|820224|0.0
4229|170911|0.0
4229|320297|0.0
4229|236906|0.0
4229|246206|0.0
4229|246207|0.0
4229|739015|0.0
4229|323985|0.0
4229|693714|0.0
4229|785559|0.0
4229|451992|0.0
4229|539802|0.0
4229|250816|0.0
4229|665912|0.0
4229|162574|0.0
4229|162579|0.0
4229|579720|0.0
4229|190783|0.0
4229|190850|0.125
4229|411607|0.368421052632
4229|543529|0.333333333333
4229|195749|0.368421052632
4229|10412|0.368421052632
4229|740795|0.368421052632
4229|327472|0.125
4229|602298|0.368421052632
4229|93485|0.368421052632
4229|714049|0.368421052632
4229|277926|0.368421052632
4229|52223|0.125
4229|736435|0.125
4229|435262|0.368421052632
4229|178409|0.368421052632
4229|501387|0.125
4229|442762|0.125
4229|62522|0.125
4229|258382|0.125
4229|645235|0.125
4229|710805|0.125
4229|594371|0.125
4229|590898|0.368421052632
4229|193459|0.333333333333
4229|433625|0.368421052632
4229|286800|0.368421052632
4229|574314|0.125
4229|806041|0.368421052632
4229|632741|0.368421052632
4229|352834|0.125
4229|482629|0.368421052632
4229|470091|0.368421052632
4229|60861|0.368421052632
4229|806506|0.368421052632
4229|557813|0.125
4229|300438|0.368421052632
4229|117247|0.125
4229|832942|0.368421052632
4229|319956|0.368421052632
4229|441723|0.368421052632
4229|203580|0.368421052632
4229|489468|0.368421052632
4229|302141|0.368421052632
4229|502638|0.368421052632
4229|189530|0.368421052632
4229|684968|0.368421052632
4229|532190|0.368421052632
4229|602869|0.368421052632
4229|214286|0.368421052632
4229|384790|0.368421052632
3952|778285|0.0
3952|494929|0.0
3952|494920|0.0
3952|494925|0.0
3952|494926|0.0
3952|494310|0.0
3952|545962|0.0
3952|554374|0.0
3952|168086|0.0
3952|719203|0.0
3952|513059|0.0
3952|513052|0.0
3952|513054|0.0
3952|513055|0.0
3952|303233|0.0
3952|388671|0.0
3952|532448|0.0
3952|572083|0.0
3952|773131|0.0
3952|309429|0.0
3952|265104|0.0
3952|233032|0.0
3952|233034|0.0
3952|596922|0.0
3952|596924|0.0
3952|157248|0.0
3952|130894|0.0
3952|345891|0.0
3952|230718|0.0
3952|667799|0.0
3952|619952|0.0
3952|726082|0.0
3952|820224|0.0
3952|170911|0.0
3952|320297|0.0
3952|236906|0.0
3952|246206|0.0
3952|246207|0.0
3952|739015|0.0
3952|323985|0.0
3952|693714|0.0
3952|785559|0.0
3952|451992|0.0
3952|539802|0.0
3952|250816|0.0
3952|665912|0.0
3952|162574|0.0
3952|162579|0.0
3952|579720|0.0
3952|190783|0.0
3952|278829|0.489361702128
3952|572425|0.489361702128
3952|652874|0.489361702128
3952|609238|0.489361702128
3952|458176|0.489361702128
3952|355980|0.489361702128
3952|339438|0.489361702128
3952|80943|0.489361702128
3952|192592|0.489361702128
3952|681591|0.489361702128
3952|398517|0.489361702128
3952|184180|0.489361702128
3952|476977|0.489361702128
3952|560663|0.489361702128
3952|149145|0.489361702128
3952|176945|0.489361702128
3952|317320|0.489361702128
3952|712879|0.489361702128
3952|715868|0.489361702128
3952|363469|0.489361702128
3952|659035|0.489361702128
3952|645104|0.489361702128
3952|269850|0.489361702128
3952|356684|0.489361702128
3952|725091|0.489361702128
3952|715103|0.489361702128
3952|776790|0.489361702128
3952|568541|0.489361702128
3952|421030|0.489361702128
3952|792017|0.489361702128
3952|321604|0.489361702128
3952|244174|0.489361702128
3952|407544|0.489361702128
3952|27020|0.489361702128
3952|744639|0.47619047619
3952|746164|0.489361702128
3952|616653|0.489361702128
3952|631494|0.489361702128
3952|94199|0.489361702128
3952|90018|0.46875
3952|741887|0.46875
3952|486336|0.428571428571
3952|365278|0.409090909091
3952|411418|0.479166666667
3952|685874|0.451612903226
3952|514186|0.46875
3952|738592|0.421875
3952|259230|0.46875
3952|68232|0.479166666667
3952|302094|0.467741935484
4948|778285|0.0
4948|494929|0.0
4948|494920|0.0
4948|494925|0.0
4948|494926|0.0
4948|494310|0.0
4948|545962|0.0
4948|554374|0.0
4948|168086|0.0
4948|719203|0.0
4948|513059|0.0
4948|513052|0.0
4948|513054|0.0
4948|513055|0.0
4948|303233|0.0
4948|388671|0.0
4948|532448|0.0
4948|572083|0.0
4948|773131|0.0
4948|309429|0.0
4948|265104|0.0
4948|233032|0.0
4948|233034|0.0
4948|596922|0.0
4948|596924|0.0
4948|157248|0.0
4948|130894|0.0
4948|345891|0.0
4948|230718|0.0
4948|667799|0.0
4948|619952|0.0
4948|726082|0.0
4948|820224|0.0
4948|170911|0.0
4948|320297|0.0
4948|236906|0.0
4948|246206|0.0
4948|246207|0.0
4948|739015|0.0
4948|323985|0.0
4948|693714|0.0
4948|785559|0.0
4948|451992|0.0
4948|539802|0.0
4948|250816|0.0
4948|665912|0.0
4948|162574|0.0
4948|162579|0.0
4948|579720|0.0
4948|190783|0.0
4948|755729|0.0
4948|391791|0.0
4948|813620|0.395833333333
4948|653887|0.395833333333
4948|377774|0.395833333333
4948|146431|0.0
4948|486448|0.395833333333
4948|549995|0.0
4948|456436|0.283018867925
4948|756720|0.395833333333
4948|428486|0.395833333333
4948|561366|0.395833333333
4948|704411|0.0
4948|591406|0.3
4948|776298|0.395833333333
4948|625790|0.395833333333
4948|188010|0.395833333333
4948|11922|0.395833333333
4948|722679|0.36
4948|635630|0.395833333333
4948|369631|0.395833333333
4948|800871|0.0
4948|680471|0.0
4948|378729|0.0
4948|606927|0.395833333333
4948|29003|0.0
4948|286787|0.395833333333
4948|654799|0.36
4948|614797|0.395833333333
4948|832196|0.0
4948|36469|0.0
4948|824870|0.0
4948|388222|0.225
4948|48115|0.225
4948|325714|0.0
4948|659727|0.0
4948|825370|0.0
4948|83242|0.0
4948|34324|0.0
4948|320021|0.0
4948|384993|0.0
4948|800655|0.0
4948|829094|0.269230769231
4948|221565|0.0
4948|757275|0.254545454545
4948|328409|0.225
4948|271998|0.225
4948|129534|0.0
4948|82577|0.0
4948|651479|0.0
5465|73331|0.0
5465|585078|0.0
5465|609078|0.0
5465|802119|0.0
5465|181396|0.0
5465|311657|0.0
5465|494639|0.0
5465|810750|0.0
5465|302180|0.0
5465|504864|0.0
5465|36478|0.0
5465|400838|0.0
5465|18149|0.0
5465|327047|0.0
5465|511105|0.0
5465|391217|0.0
5465|23191|0.0
5465|758718|0.0
5465|300069|0.0
5465|362033|0.0
5465|29416|0.0
5465|582217|0.0
5465|48202|0.0
5465|581672|0.0
5465|404327|0.0
5465|254273|0.0
5465|626052|0.0
5465|313754|0.0
5465|53354|0.0
5465|432448|0.0
5465|466724|0.0
5465|707905|0.0
5465|170234|0.0
5465|217815|0.0
5465|228860|0.0
5465|570462|0.0
5465|32267|0.0
5465|794138|0.0
5465|57164|0.0
5465|660767|0.0
5465|517590|0.0
5465|817420|0.0
5465|214150|0.0
5465|549212|0.0
5465|257772|0.0
5465|757349|0.0
5465|728577|0.0
5465|636517|0.0
5465|279905|0.0
5465|652487|0.0
5465|816455|0.0
5465|278826|0.0
5465|43454|0.0
5465|123720|0.0
5465|19233|0.0
5465|806498|0.0
5465|198821|0.0
5465|625679|0.0
5465|303910|0.0
5465|209732|0.0
5465|197792|0.0
5465|587960|0.0
5465|745823|0.0
5465|571818|0.0
5465|452642|0.0
5465|400324|0.0
5465|719499|0.0
5465|783641|0.0
5465|498606|0.0
5465|562452|0.0
5465|484907|0.0
5465|324112|0.0
5465|176924|0.0
5465|802062|0.0
5465|170095|0.0
5465|280009|0.0
5465|303101|0.0
5465|139318|0.0
5465|272913|0.0
5465|281529|0.0
5465|710866|0.0
5465|228185|0.0
5465|466722|0.0
5465|497844|0.0
5465|111151|0.0
5465|206479|0.0
5465|365145|0.0
5465|189208|0.0
5465|773169|0.0
5465|218865|0.0
5465|717750|0.0
5465|823023|0.0
5465|85911|0.0
5465|730110|0.0
5465|166159|0.0
5465|342562|0.0
5465|743985|0.0
5465|590270|0.0
5465|109321|0.0
5465|675738|0.0
3508|90395|0.0
3508|290677|0.0
3508|723876|0.0
3508|91236|0.0
3508|324600|0.0
3508|91890|0.0
3508|422922|0.0
3508|588968|0.0
3508|365637|0.0
3508|277407|0.0
3508|416430|0.0
3508|33050|0.0
3508|678844|0.0
3508|717688|0.0
3508|452972|0.0
3508|145805|0.0
3508|178598|0.0
3508|117783|0.0
3508|62189|0.0
3508|167808|0.0
3508|259284|0.0
3508|217811|0.0
3508|483873|0.0
3508|441227|0.0
3508|461563|0.0
3508|288397|0.0
3508|764596|0.0
3508|187911|0.0
3508|424186|0.0
3508|305006|0.0
3508|585010|0.0
3508|484623|0.0
3508|369432|0.0
3508|242870|0.0
3508|732999|0.0
3508|256678|0.0
3508|347955|0.0
3508|758524|0.0
3508|94190|0.0
3508|272762|0.0
3508|519786|0.0
3508|634726|0.0
3508|128787|0.0
3508|466770|0.0
3508|274899|0.0
3508|403589|0.0
3508|12871|0.0
3508|443149|0.0
3508|751737|0.0
3508|401651|0.0
3508|138459|0.478873239437
3508|767343|0.546666666667
3508|563138|0.478873239437
3508|158543|0.685714285714
3508|383709|0.0
3508|93782|0.586666666667
3508|510141|0.586666666667
3508|11255|0.591397849462
3508|329674|0.622222222222
3508|750598|0.35593220339
3508|178956|0.621621621622
3508|455938|0.505747126437
3508|83219|0.678571428571
3508|800179|0.707317073171
3508|82774|0.505747126437
3508|586918|0.685714285714
3508|397304|0.173913043478
3508|698391|0.153846153846
3508|666514|0.707317073171
3508|782981|0.526315789474
3508|767860|0.62037037037
3508|168019|0.173913043478
3508|75401|0.682692307692
3508|250583|0.0
3508|365348|0.470588235294
3508|36995|0.694444444444
3508|810155|0.696078431373
3508|206488|0.640350877193
3508|290126|0.222222222222
3508|657899|0.652173913043
3508|828587|0.695652173913
3508|778850|0.682242990654
3508|398495|0.698113207547
3508|429108|0.526315789474
3508|8877|0.62962962963
3508|222876|0.35593220339
3508|641877|0.621621621622
3508|632627|0.696078431373
3508|505027|0.173913043478
3508|257329|0.173913043478
3508|673819|0.0
3508|276173|0.707317073171
3508|581596|0.622222222222
3508|508277|0.660714285714
3508|749059|0.695652173913
3508|522317|0.594594594595
3508|585871|0.535211267606
3508|723572|0.173913043478
3508|829707|0.695652173913
3508|729300|0.555555555556
4152|90395|0.0
4152|290677|0.0
4152|723876|0.0
4152|91236|0.0
4152|324600|0.0
4152|91890|0.0
4152|422922|0.0
4152|588968|0.0
4152|365637|0.0
4152|277407|0.0
4152|416430|0.0
4152|33050|0.0
4152|678844|0.0
4152|717688|0.0
4152|452972|0.0
4152|145805|0.0
4152|178598|0.0
4152|117783|0.0
4152|62189|0.0
4152|167808|0.0
4152|259284|0.0
4152|217811|0.0
4152|483873|0.0
4152|441227|0.0
4152|461563|0.0
4152|288397|0.0
4152|764596|0.0
4152|187911|0.0
4152|424186|0.0
4152|305006|0.0
4152|585010|0.0
4152|484623|0.0
4152|369432|0.0
4152|242870|0.0
4152|732999|0.0
4152|256678|0.0
4152|347955|0.0
4152|758524|0.0
4152|94190|0.0
4152|272762|0.0
4152|519786|0.0
4152|634726|0.0
4152|128787|0.0
4152|466770|0.0
4152|274899|0.0
4152|403589|0.0
4152|12871|0.0
4152|443149|0.0
4152|751737|0.0
4152|401651|0.0
4152|754232|0.761904761905
4152|179017|0.761904761905
4152|424056|0.7875
4152|534891|0.704347826087
4152|655601|0.796296296296
4152|626581|0.761904761905
4152|396632|0.761904761905
4152|647911|0.771929824561
4152|377899|0.761904761905
4152|562754|0.7875
4152|807889|0.761904761905
4152|547352|0.761904761905
4152|242561|0.8
4152|30362|0.761904761905
4152|472654|0.692307692308
4152|230602|0.761904761905
4152|47420|0.616279069767
4152|607056|0.8
4152|467703|0.7875
4152|159948|0.761904761905
4152|101108|0.795454545455
4152|694662|0.795454545455
4152|109397|0.761904761905
4152|512904|0.761904761905
4152|545461|0.734693877551
4152|238932|0.761904761905
4152|95998|0.761904761905
4152|236345|0.8
4152|62739|0.623762376238
4152|224711|0.734693877551
4152|241299|0.776859504132
4152|517188|0.795454545455
4152|691021|0.761904761905
4152|124896|0.428571428571
4152|303434|0.734693877551
4152|246394|0.734693877551
4152|565052|0.645833333333
4152|444967|0.796296296296
4152|168600|0.7875
4152|558580|0.761904761905
4152|126741|0.761904761905
4152|47415|0.767441860465
4152|176137|0.0
4152|652114|0.761904761905
4152|330551|0.761904761905
4152|643053|0.761904761905
4152|810884|0.692307692308
4152|503338|0.761904761905
4152|423062|0.767441860465
4152|559714|0.0
5615|90395|0.0
5615|290677|0.0
5615|723876|0.0
5615|91236|0.0
5615|324600|0.0
5615|91890|0.0
5615|422922|0.0
5615|588968|0.0
5615|365637|0.0
5615|277407|0.0
5615|416430|0.0
5615|33050|0.0
5615|678844|0.0
5615|717688|0.0
5615|452972|0.0
5615|145805|0.0
5615|178598|0.0
5615|117783|0.0
5615|62189|0.0
5615|167808|0.0
5615|259284|0.0
5615|217811|0.0
5615|483873|0.0
5615|441227|0.0
5615|461563|0.0
5615|288397|0.0
5615|764596|0.0
5615|187911|0.0
5615|424186|0.0
5615|305006|0.0
5615|585010|0.0
5615|484623|0.0
5615|369432|0.0
5615|242870|0.0
5615|732999|0.0
5615|256678|0.0
5615|347955|0.0
5615|758524|0.0
5615|94190|0.0
5615|272762|0.0
5615|519786|0.0
5615|634726|0.0
5615|128787|0.0
5615|466770|0.0
5615|274899|0.0
5615|403589|0.0
5615|12871|0.0
5615|443149|0.0
5615|751737|0.0
5615|401651|0.0
5615|398849|0.806818181818
5615|795984|0.806818181818
5615|75643|0.806818181818
5615|76526|0.806818181818
5615|713612|0.806818181818
5615|648701|0.783783783784
5615|526188|0.806818181818
5615|81819|0.806818181818
5615|828333|0.806818181818
5615|174054|0.783783783784
5615|314424|0.71875
5615|251089|0.619469026549
5615|9300|0.765432098765
5615|468339|0.80198019802
5615|83335|0.77868852459
5615|298595|0.791946308725
5615|62500|0.619469026549
5615|114466|0.783783783784
5615|689187|0.54347826087
5615|77650|0.780821917808
5615|316031|0.783783783784
5615|597437|0.780821917808
5615|36563|0.798941798942
5615|734769|0.780821917808
5615|703909|0.80198019802
5615|408012|0.619469026549
5615|800181|0.783783783784
5615|641951|0.78064516129
5615|151382|0.783783783784
5615|339543|0.783783783784
5615|198032|0.619469026549
5615|540326|0.757225433526
5615|707485|0.783783783784
5615|710568|0.765432098765
5615|324385|0.783783783784
5615|739586|0.780821917808
5615|198753|0.738461538462
5615|83348|0.783783783784
5615|473288|0.605504587156
5615|808799|0.780821917808
5615|128485|0.791946308725
5615|434032|0.770114942529
5615|373822|0.783783783784
5615|650768|0.783783783784
5615|94207|0.783783783784
5615|710392|0.54347826087
5615|116431|0.783783783784
5615|475951|0.791946308725
5615|376074|0.77868852459
5615|238968|0.77380952381
4507|90395|0.0
4507|290677|0.0
4507|723876|0.0
4507|91236|0.0
4507|324600|0.0
4507|91890|0.0
4507|422922|0.0
4507|588968|0.0
4507|365637|0.0
4507|277407|0.0
4507|416430|0.0
4507|33050|0.0
4507|678844|0.0
4507|717688|0.0
4507|452972|0.0
4507|145805|0.0
4507|178598|0.0
4507|117783|0.0
4507|62189|0.0
4507|167808|0.0
4507|259284|0.0
4507|217811|0.0
4507|483873|0.0
4507|441227|0.0
4507|461563|0.0
4507|288397|0.0
4507|764596|0.0
4507|187911|0.0
4507|424186|0.0
4507|305006|0.0
4507|585010|0.0
4507|484623|0.0
4507|369432|0.0
4507|242870|0.0
4507|732999|0.0
4507|256678|0.0
4507|347955|0.0
4507|758524|0.0
4507|94190|0.0
4507|272762|0.0
4507|519786|0.0
4507|634726|0.0
4507|128787|0.0
4507|466770|0.0
4507|274899|0.0
4507|403589|0.0
4507|12871|0.0
4507|443149|0.0
4507|751737|0.0
4507|401651|0.0
4507|746282|0.210526315789
4507|812672|0.716666666667
4507|270710|0.210526315789
4507|325698|0.709677419355
4507|585196|0.210526315789
4507|439241|0.210526315789
4507|11435|0.210526315789
4507|309469|0.210526315789
4507|408171|0.547619047619
4507|169444|0.210526315789
4507|68172|0.545454545455
4507|652842|0.210526315789
4507|156350|0.716666666667
4507|564831|0.210526315789
4507|344734|0.709677419355
4507|208314|0.210526315789
4507|715693|0.210526315789
4507|128598|0.620689655172
4507|226953|0.210526315789
4507|697645|0.210526315789
4507|594319|0.620689655172
4507|577764|0.210526315789
4507|487231|0.547619047619
4507|574183|0.210526315789
4507|808174|0.679487179487
4507|70513|0.210526315789
4507|282270|0.547619047619
4507|450662|0.547619047619
4507|300257|0.210526315789
4507|651229|0.210526315789
4507|695170|0.688888888889
4507|335906|0.210526315789
4507|139199|0.620689655172
4507|206573|0.210526315789
4507|793585|0.688888888889
4507|626910|0.210526315789
4507|489948|0.688888888889
4507|788487|0.210526315789
4507|737673|0.210526315789
4507|99358|0.210526315789
4507|301196|0.210526315789
4507|16106|0.210526315789
4507|809133|0.547619047619
4507|782219|0.210526315789
4507|428591|0.688888888889
4507|42393|0.709677419355
4507|601736|0.620689655172
4507|103271|0.210526315789
4507|809022|0.709677419355
4507|547004|0.545454545455
3637|90395|0.0
3637|290677|0.0
3637|723876|0.0
3637|91236|0.0
3637|324600|0.0
3637|91890|0.0
3637|422922|0.0
3637|588968|0.0
3637|365637|0.0
3637|277407|0.0
3637|416430|0.0
3637|33050|0.0
3637|678844|0.0
3637|717688|0.0
3637|452972|0.0
3637|145805|0.0
3637|178598|0.0
3637|117783|0.0
3637|62189|0.0
3637|167808|0.0
3637|259284|0.0
3637|217811|0.0
3637|483873|0.0
3637|441227|0.0
3637|461563|0.0
3637|288397|0.0
3637|764596|0.0
3637|187911|0.0
3637|424186|0.0
3637|305006|0.0
3637|585010|0.0
3637|484623|0.0
3637|369432|0.0
3637|242870|0.0
3637|732999|0.0
3637|256678|0.0
3637|347955|0.0
3637|758524|0.0
3637|94190|0.0
3637|272762|0.0
3637|519786|0.0
3637|634726|0.0
3637|128787|0.0
3637|466770|0.0
3637|274899|0.0
3637|403589|0.0
3637|12871|0.0
3637|443149|0.0
3637|751737|0.0
3637|401651|0.0
3637|766938|0.0
3637|748239|0.0
3637|576829|0.0
3637|735664|0.0
3637|438672|0.0
3637|647413|0.0
3637|23091|0.0
3637|533417|0.0
3637|376900|0.0
3637|424051|0.0
3637|689129|0.0
3637|129918|0.0
3637|196741|0.0
3637|676571|0.0
3637|787954|0.0
3637|760779|0.0
3637|103361|0.0
3637|221552|0.0
3637|102566|0.0
3637|553375|0.0
3637|480345|0.0
3637|809399|0.0
3637|396650|0.0
3637|505137|0.0
3637|600919|0.0
3637|520533|0.0
3637|775153|0.0
3637|712565|0.0
3637|78640|0.0
3637|618783|0.0
3637|637328|0.0
3637|148524|0.0
3637|328419|0.0
3637|266433|0.0
3637|498008|0.0
3637|46090|0.0
3637|416823|0.0
3637|427540|0.0
3637|206665|0.0
3637|773981|0.0
3637|607758|0.0
3637|447813|0.0
3637|716765|0.0
3637|824071|0.0
3637|149113|0.0
3637|208472|0.0
3637|636791|0.0
3637|157917|0.0
3637|719063|0.0
3637|164146|0.0
4594|701432|0.214285714286
4594|124337|0.214285714286
4594|722918|0.214285714286
4594|55469|0.214285714286
4594|266873|0.214285714286
4594|512276|0.214285714286
4594|208486|0.181818181818
4594|302055|0.214285714286
4594|295865|0.214285714286
4594|242722|0.214285714286
4594|260278|0.214285714286
4594|214237|0.214285714286
4594|322866|0.181818181818
4594|35637|0.214285714286
4594|496184|0.214285714286
4594|707495|0.214285714286
4594|536062|0.214285714286
4594|369113|0.214285714286
4594|537798|0.214285714286
4594|83254|0.214285714286
4594|579182|0.214285714286
4594|682792|0.214285714286
4594|513410|0.214285714286
4594|619211|0.214285714286
4594|87768|0.214285714286
4594|167189|0.214285714286
4594|397514|0.214285714286
4594|709086|0.214285714286
4594|360245|0.214285714286
4594|744434|0.214285714286
4594|463213|0.214285714286
4594|211911|0.214285714286
4594|716526|0.131147540984
4594|767909|0.214285714286
4594|506800|0.214285714286
4594|552197|0.214285714286
4594|607018|0.181818181818
4594|455056|0.181818181818
4594|263794|0.181818181818
4594|593990|0.181818181818
4594|340036|0.181818181818
4594|137163|0.181818181818
4594|701722|0.181818181818
4594|792111|0.181818181818
4594|91146|0.181818181818
4594|818888|0.181818181818
4594|152679|0.181818181818
4594|764523|0.131147540984
4594|814833|0.181818181818
4594|559110|0.181818181818
4594|783760|0.692307692308
4594|257736|0.730769230769
4594|700705|0.730769230769
4594|827379|0.625
4594|400871|0.730769230769
4594|149087|0.730769230769
4594|149253|0.730769230769
4594|184750|0.730769230769
4594|426185|0.611764705882
4594|155786|0.730769230769
4594|504691|0.730769230769
4594|643288|0.64
4594|44902|0.730769230769
4594|64423|0.730769230769
4594|722657|0.730769230769
4594|233867|0.730769230769
4594|527772|0.730769230769
4594|650155|0.730769230769
4594|199207|0.692307692308
4594|244310|0.730769230769
4594|146237|0.730769230769
4594|185593|0.730769230769
4594|581073|0.730769230769
4594|780725|0.7
4594|260029|0.730769230769
4594|721680|0.730769230769
4594|703900|0.730769230769
4594|254528|0.692307692308
4594|342201|0.730769230769
4594|785189|0.730769230769
4594|300096|0.730769230769
4594|230527|0.730769230769
4594|432119|0.730769230769
4594|109493|0.730769230769
4594|387223|0.730769230769
4594|469130|0.730769230769
4594|747353|0.730769230769
4594|742054|0.730769230769
4594|365726|0.730769230769
4594|560730|0.730769230769
4594|792489|0.552631578947
4594|237944|0.730769230769
4594|596933|0.692307692308
4594|753187|0.730769230769
4594|502871|0.730769230769
4594|98389|0.730769230769
4594|40649|0.609375
4594|98313|0.611111111111
4594|775963|0.611111111111
4594|831566|0.52380952381
3284|456942|0.8
3284|760943|0.8
3284|389032|0.0
3284|263489|0.789473684211
3284|737854|0.779342723005
3284|505152|0.8
3284|511403|0.789473684211
3284|220365|0.0
3284|607410|0.624113475177
3284|472150|0.789473684211
3284|576846|0.697674418605
3284|381363|0.0
3284|37480|0.789473684211
3284|656968|0.779342723005
3284|231872|0.0
3284|805624|0.777142857143
3284|487538|0.789473684211
3284|282992|0.0
3284|318773|0.79512195122
3284|278398|0.636363636364
3284|50607|0.0
3284|356446|0.789473684211
3284|552827|0.0
3284|47755|0.79512195122
3284|504633|0.789473684211
3284|547557|0.470588235294
3284|733239|0.0
3284|347680|0.779342723005
3284|198359|0.779342723005
3284|93759|0.700680272109
3284|765645|0.0
3284|764292|0.789473684211
3284|44232|0.0
3284|684195|0.789473684211
3284|132996|0.697674418605
3284|174107|0.789473684211
3284|223259|0.0
3284|296648|0.789473684211
3284|630372|0.697674418605
3284|430287|0.777251184834
3284|67363|0.706586826347
3284|191337|0.789473684211
3284|416745|0.789473684211
3284|321473|0.697674418605
3284|597760|0.789473684211
3284|205221|0.706586826347
3284|479621|0.789473684211
3284|254211|0.0
3284|710871|0.777251184834
3284|613215|0.789473684211
3284|56132|0.922480620155
3284|282188|0.923664122137
3284|761485|0.740740740741
3284|535747|0.923611111111
3284|381363|0.740740740741
3284|594954|0.886363636364
3284|242301|0.923076923077
3284|503426|0.922619047619
3284|217797|0.923611111111
3284|450375|0.909090909091
3284|197285|0.908396946565
3284|280560|0.908284023669
3284|231872|0.885608856089
3284|587744|0.740740740741
3284|755916|0.923611111111
3284|351848|0.891666666667
3284|282992|0.740740740741
3284|746503|0.87786259542
3284|673229|0.918781725888
3284|453026|0.907692307692
3284|547557|0.769230769231
3284|471688|0.923611111111
3284|29525|0.893939393939
3284|538231|0.923611111111
3284|163035|0.923611111111
3284|614290|0.905511811024
3284|564403|0.916083916084
3284|136612|0.908396946565
3284|548086|0.85
3284|795658|0.912087912088
3284|723647|0.925
3284|96974|0.87786259542
3284|44232|0.769230769231
3284|224358|0.923611111111
3284|581747|0.911111111111
3284|94794|0.923611111111
3284|34151|0.923611111111
3284|520529|0.786885245902
3284|314056|0.87786259542
3284|570091|0.923611111111
3284|414933|0.917293233083
3284|595578|0.923611111111
3284|578028|0.923611111111
3284|110536|0.9
3284|730219|0.917293233083
3284|515399|0.923611111111
3284|254211|0.843373493976
3284|18627|0.923611111111
3284|30111|0.922480620155
3284|315447|0.923611111111
4150|631876|0.688524590164
4150|248396|0.688524590164
4150|518340|0.688524590164
4150|337640|0.688524590164
4150|216663|0.720930232558
4150|444573|0.688524590164
4150|263191|0.688524590164
4150|331176|0.688524590164
4150|181187|0.720930232558
4150|602986|0.688524590164
4150|663442|0.688524590164
4150|806495|0.688524590164
4150|380111|0.688524590164
4150|468960|0.688524590164
4150|787636|0.688524590164
4150|381919|0.688524590164
4150|485916|0.688524590164
4150|428640|0.688524590164
4150|345293|0.688524590164
4150|336138|0.688524590164
4150|486245|0.688524590164
4150|513657|0.688524590164
4150|722986|0.688524590164
4150|74795|0.688524590164
4150|155992|0.688524590164
4150|34025|0.688524590164
4150|593581|0.688524590164
4150|525027|0.688524590164
4150|473881|0.688524590164
4150|127124|0.688524590164
4150|142587|0.688524590164
4150|813039|0.688524590164
4150|178759|0.688524590164
4150|594034|0.688524590164
4150|834493|0.688524590164
4150|73297|0.688524590164
4150|293745|0.688524590164
4150|76794|0.688524590164
4150|722661|0.688524590164
4150|601559|0.6
4150|462712|0.688524590164
4150|106239|0.688524590164
4150|253489|0.675
4150|591345|0.688524590164
4150|167709|0.688524590164
4150|245548|0.688524590164
4150|259683|0.688524590164
4150|464166|0.688524590164
4150|100790|0.688524590164
4150|37441|0.688524590164
4150|817680|0.530612244898
4150|558424|0.530612244898
4150|253014|0.530612244898
4150|823266|0.515151515152
4150|567880|0.530612244898
4150|150628|0.530612244898
4150|560143|0.530612244898
4150|69679|0.530612244898
4150|153144|0.530612244898
4150|679914|0.515151515152
4150|425807|0.487804878049
4150|492978|0.515151515152
4150|832719|0.530612244898
4150|48048|0.469387755102
4150|137347|0.530612244898
4150|672930|0.530612244898
4150|469939|0.530612244898
4150|437233|0.530612244898
4150|389919|0.515151515152
4150|388410|0.509803921569
4150|39739|0.530612244898
4150|100357|0.530612244898
4150|377076|0.530612244898
4150|192039|0.530612244898
4150|418937|0.530612244898
4150|570201|0.530612244898
4150|205854|0.530612244898
4150|622334|0.512820512821
4150|300540|0.530612244898
4150|486535|0.530612244898
4150|363762|0.530612244898
4150|750360|0.512820512821
4150|420380|0.469387755102
4150|834983|0.469387755102
4150|458878|0.515151515152
4150|157339|0.515151515152
4150|624195|0.414634146341
4150|572936|0.512820512821
4150|184259|0.469387755102
4150|521860|0.515151515152
4150|479695|0.515151515152
4150|207601|0.515151515152
4150|90247|0.469387755102
4150|307915|0.512820512821
4150|306417|0.515151515152
4150|135549|0.515151515152
4150|576647|0.515151515152
4150|663436|0.515151515152
4150|230794|0.512820512821
4150|703402|0.515151515152
3992|351699|0.0
3992|23715|0.0
3992|455654|0.0
3992|374558|0.0
3992|325213|0.0
3992|589622|0.0
3992|710561|0.0
3992|524298|0.0
3992|318980|0.0
3992|688784|0.0
3992|732931|0.0
3992|145715|0.0
3992|152683|0.0
3992|408822|0.0
3992|191867|0.0
3992|22469|0.0
3992|421655|0.0
3992|444273|0.0
3992|631846|0.0
3992|90634|0.0
3992|794216|0.0
3992|354014|0.0
3992|519423|0.0
3992|120703|0.0
3992|390507|0.0
3992|132051|0.0
3992|37260|0.0
3992|577900|0.0
3992|651458|0.0
3992|535604|0.0
3992|630446|0.0
3992|159749|0.0
3992|708315|0.0
3992|528899|0.0
3992|214214|0.0
3992|319544|0.0
3992|640697|0.0
3992|587255|0.0
3992|60729|0.0
3992|102064|0.0
3992|680965|0.0
3992|398717|0.0
3992|419102|0.0
3992|306480|0.0
3992|486943|0.0
3992|482067|0.0
3992|287789|0.0
3992|264840|0.0
3992|185136|0.0
3992|664505|0.0
3992|153398|0
3992|483620|0.638888888889
3992|198366|0
3992|390048|0
3992|692776|0.638888888889
3992|651302|0.617021276596
3992|807802|0
3992|552473|0
3992|412601|0.375
3992|535349|0.617021276596
3992|435764|0
3992|245291|0.638888888889
3992|814526|0.638888888889
3992|297558|0
3992|326366|0
3992|253175|0
3992|203349|0.638888888889
3992|358697|0.617021276596
3992|191255|0.638888888889
3992|537813|0.638888888889
3992|29976|0.638888888889
3992|771496|0.617021276596
3992|612451|0
3992|320618|0
3992|618089|0.555555555556
3992|50494|0.63829787234
3992|331298|0.638888888889
3992|784791|0.0
3992|480143|0
3992|608802|0.617021276596
3992|329547|0.581395348837
3992|373531|0.638888888889
3992|549544|0
3992|255073|0.638888888889
3992|279814|0
3992|787593|0.63829787234
3992|175112|0.638888888889
3992|441137|0
3992|703564|0.638888888889
3992|518929|0
3992|256957|0
3992|94089|0.638888888889
3992|673134|0
3992|80647|0
3992|78653|0
3992|20253|0.617021276596
3992|326113|0.638888888889
3992|441022|0
3992|599213|0.63829787234
3992|733608|0.5625
3431|178003|0.92972972973
3431|359788|0.92972972973
3431|418536|0.898785425101
3431|11518|0.927536231884
3431|71371|0.840707964602
3431|492097|0.92700729927
3431|155964|0.797872340426
3431|114620|0.923529411765
3431|437213|0.911602209945
3431|739591|0.914728682171
3431|473844|0.922651933702
3431|424099|0.92700729927
3431|356148|0.840707964602
3431|768912|0.918918918919
3431|493807|0.925
3431|537390|0.925925925926
3431|815776|0.914728682171
3431|553562|0.925
3431|317722|0.925
3431|135463|0.925
3431|231513|0.914728682171
3431|59523|0.925
3431|120366|0.914414414414
3431|171934|0.92700729927
3431|474208|0.840707964602
3431|784351|0.670731707317
3431|290645|0.925
3431|309151|0.920930232558
3431|207246|0.925
3431|431592|0.925
3431|773748|0.0
3431|349101|0.898785425101
3431|135729|0.920930232558
3431|643661|0.925
3431|625110|0.92700729927
3431|567667|0.797872340426
3431|251291|0.918918918919
3431|283258|0.840707964602
3431|581596|0.898785425101
3431|262254|0.925
3431|805530|0.911602209945
3431|181235|0.911764705882
3431|690799|0.898785425101
3431|385961|0.914728682171
3431|263456|0.914728682171
3431|538020|0.925
3431|549310|0.844036697248
3431|742378|0.840707964602
3431|626215|0.920930232558
3431|687054|0.853211009174
3431|172838|0.563636363636
3431|330836|0.318181818182
3431|633418|0.53488372093
3431|29073|0.285714285714
3431|172099|0.510204081633
3431|540621|0.325581395349
3431|424958|0.53488372093
3431|624426|0.53488372093
3431|679250|0.5
3431|711226|0.372093023256
3431|797936|0.53488372093
3431|808452|0.53488372093
3431|362969|0.512195121951
3431|191295|0.490909090909
3431|101705|0.0
3431|509537|0.53488372093
3431|585391|0.53488372093
3431|620255|0.411764705882
3431|453218|0.466666666667
3431|240355|0.423728813559
3431|105523|0.53488372093
3431|252080|0.53488372093
3431|773748|0.0
3431|714668|0.525
3431|406447|0.53488372093
3431|103035|0.551724137931
3431|255075|0.53488372093
3431|732427|0.512195121951
3431|536284|0.490196078431
3431|669724|0.309523809524
3431|121353|0.512195121951
3431|406823|0.513888888889
3431|492826|0.529411764706
3431|154924|0.53488372093
3431|722568|0.0
3431|472667|0.53488372093
3431|702853|0.448979591837
3431|403924|0.558139534884
3431|267542|0.469387755102
3431|784462|0.53488372093
3431|479349|0.466666666667
3431|548505|0.513888888889
3431|98016|0.466666666667
3431|592758|0.490196078431
3431|509099|0.525
3431|404066|0.53488372093
3431|342651|0.489795918367
3431|343098|0.483333333333
3431|797130|0.53488372093
3431|360882|0.529411764706
3655|177439|0.889763779528
3655|718689|0.889763779528
3655|453681|0.889763779528
3655|585818|0.889763779528
3655|9385|0.889763779528
3655|117553|0.889763779528
3655|515914|0.889763779528
3655|445324|0.889763779528
3655|256926|0.889763779528
3655|650628|0.889763779528
3655|522519|0.889763779528
3655|477928|0.889763779528
3655|783544|0.889763779528
3655|160746|0.889763779528
3655|93968|0.889763779528
3655|728941|0.889763779528
3655|515495|0.889763779528
3655|530901|0.889763779528
3655|777401|0.889763779528
3655|39836|0.889763779528
3655|687992|0.889763779528
3655|563043|0.148148148148
3655|357220|0.889763779528
3655|265183|0.889763779528
3655|200278|0.886178861789
3655|211747|0.889763779528
3655|276522|0.889763779528
3655|380349|0.889763779528
3655|50181|0.889763779528
3655|534344|0.889763779528
3655|667731|0.889763779528
3655|777269|0.889763779528
3655|546106|0.889763779528
3655|756273|0.858695652174
3655|396878|0.886178861789
3655|333117|0.0
3655|426079|0.886178861789
3655|339426|0.858695652174
3655|691720|0.886178861789
3655|475158|0.858695652174
3655|705479|0.886178861789
3655|197197|0.858695652174
3655|104880|0.886178861789
3655|590358|0.813559322034
3655|598838|0.865671641791
3655|404866|0.886178861789
3655|739138|0.858695652174
3655|785235|0.0
3655|522112|0.886178861789
3655|294456|0.858695652174
3655|244017|0.48275862069
3655|663008|0.559523809524
3655|581386|0.8125
3655|819990|0.796296296296
3655|497361|0.796296296296
3655|242979|0.48275862069
3655|200453|0.48275862069
3655|236774|0.8125
3655|487393|0.779661016949
3655|63823|0.8125
3655|520535|0.796610169492
3655|796401|0.796610169492
3655|501964|0.8125
3655|300466|0.8125
3655|508297|0.779661016949
3655|142356|0.8125
3655|814483|0.8125
3655|582926|0.48275862069
3655|386256|0.48275862069
3655|244382|0.779661016949
3655|691537|0.796296296296
3655|38334|0.8125
3655|146762|0.777777777778
3655|560772|0.777777777778
3655|683235|0.704545454545
3655|625362|0.428571428571
3655|289167|0.779661016949
3655|43326|0.8125
3655|355972|0.796610169492
3655|723009|0.8125
3655|301574|0.8125
3655|738741|0.779661016949
3655|268635|0.8125
3655|733843|0.559523809524
3655|68322|0.48275862069
3655|124526|0.779661016949
3655|537786|0.214285714286
3655|690432|0.48275862069
3655|585108|0.796296296296
3655|400845|0.48275862069
3655|805893|0.796296296296
3655|215437|0.796296296296
3655|657780|0.779661016949
3655|614637|0.796610169492
3655|785235|0.0
3655|293794|0.796610169492
3655|241986|0.435185185185
3655|601613|0.48275862069
3655|444187|0.48275862069
3655|494086|0.48275862069
3240|351699|0.0
3240|23715|0.0
3240|455654|0.0
3240|374558|0.0
3240|325213|0.0
3240|589622|0.0
3240|710561|0.0
3240|524298|0.0
3240|318980|0.0
3240|688784|0.0
3240|732931|0.0
3240|145715|0.0
3240|152683|0.0
3240|408822|0.0
3240|191867|0.0
3240|22469|0.0
3240|421655|0.0
3240|444273|0.0
3240|631846|0.0
3240|90634|0.0
3240|794216|0.0
3240|354014|0.0
3240|519423|0.0
3240|120703|0.0
3240|390507|0.0
3240|132051|0.0
3240|37260|0.0
3240|577900|0.0
3240|651458|0.0
3240|535604|0.0
3240|630446|0.0
3240|159749|0.0
3240|708315|0.0
3240|528899|0.0
3240|214214|0.0
3240|319544|0.0
3240|640697|0.0
3240|587255|0.0
3240|60729|0.0
3240|102064|0.0
3240|680965|0.0
3240|398717|0.0
3240|419102|0.0
3240|306480|0.0
3240|486943|0.0
3240|482067|0.0
3240|287789|0.0
3240|264840|0.0
3240|185136|0.0
3240|664505|0.0
3240|31980|0.776470588235
3240|204316|0.776470588235
3240|762410|0.775
3240|623753|0.776470588235
3240|500303|0.767441860465
3240|627312|0.792792792793
3240|52092|0.722891566265
3240|219844|0.0
3240|746344|0.775
3240|473290|0.783783783784
3240|599009|0.770114942529
3240|168430|0.705882352941
3240|678143|0.775
3240|692352|0.537037037037
3240|290100|0.776470588235
3240|59426|0.761904761905
3240|750308|0.775
3240|648651|0.781609195402
3240|355113|0.0
3240|385725|0.775
3240|79030|0.788235294118
3240|704720|0.775
3240|733171|0.746987951807
3240|800886|0.776470588235
3240|365542|0.767441860465
3240|771996|0.752808988764
3240|108739|0.781609195402
3240|11320|0.0
3240|487594|0.776470588235
3240|345304|0.776470588235
3240|684972|0.775
3240|418743|0.776470588235
3240|24283|0.776470588235
3240|175955|0.722891566265
3240|759453|0.775
3240|328766|0.0
3240|17602|0.775
3240|344640|0.776470588235
3240|157628|0.776470588235
3240|761699|0.776470588235
3240|191905|0.775
3240|198023|0.675675675676
3240|655104|0.776470588235
3240|349451|0.776470588235
3240|317812|0.727272727273
3240|57427|0.765432098765
3240|314098|0.775
3240|829969|0.776470588235
3240|722045|0.779069767442
3240|439878|0.783783783784
3367|351699|0.0
3367|23715|0.0
3367|455654|0.0
3367|374558|0.0
3367|325213|0.0
3367|589622|0.0
3367|710561|0.0
3367|524298|0.0
3367|318980|0.0
3367|688784|0.0
3367|732931|0.0
3367|145715|0.0
3367|152683|0.0
3367|408822|0.0
3367|191867|0.0
3367|22469|0.0
3367|421655|0.0
3367|444273|0.0
3367|631846|0.0
3367|90634|0.0
3367|794216|0.0
3367|354014|0.0
3367|519423|0.0
3367|120703|0.0
3367|390507|0.0
3367|132051|0.0
3367|37260|0.0
3367|577900|0.0
3367|651458|0.0
3367|535604|0.0
3367|630446|0.0
3367|159749|0.0
3367|708315|0.0
3367|528899|0.0
3367|214214|0.0
3367|319544|0.0
3367|640697|0.0
3367|587255|0.0
3367|60729|0.0
3367|102064|0.0
3367|680965|0.0
3367|398717|0.0
3367|419102|0.0
3367|306480|0.0
3367|486943|0.0
3367|482067|0.0
3367|287789|0.0
3367|264840|0.0
3367|185136|0.0
3367|664505|0.0
3367|740430|0.0
3367|828439|0.277777777778
3367|501453|0.0
3367|571117|0.277777777778
3367|513887|0.0
3367|417865|0.0
3367|63059|0.0
3367|286257|0.0
3367|567132|0.24
3367|90885|0.0
3367|595580|0.0
3367|827651|0.0
3367|550404|0.0
3367|788491|0.0
3367|744032|0.0
3367|533906|0.0
3367|28793|0.24
3367|380342|0.0
3367|471117|0.161290322581
3367|287365|0.24
3367|13517|0.24
3367|815053|0.0
3367|448160|0.0
3367|665427|0.0
3367|116744|0.0
3367|498046|0.0
3367|221767|0.0
3367|300154|0.0
3367|573370|0.0
3367|586167|0.0
3367|64740|0.0
3367|63064|0.0
3367|86861|0.0
3367|330849|0.161290322581
3367|828921|0.0
3367|659067|0.0
3367|755448|0.181818181818
3367|767497|0.0
3367|621239|0.0
3367|53253|0.0
3367|775462|0.161290322581
3367|708484|0.0
3367|730452|0.24
3367|718093|0.0
3367|762381|0.0
3367|516611|0.181818181818
3367|504625|0.24
3367|160243|0.0
3367|602367|0.277777777778
3367|146152|0.0
5184|351699|0.0
5184|23715|0.0
5184|455654|0.0
5184|374558|0.0
5184|325213|0.0
5184|589622|0.0
5184|710561|0.0
5184|524298|0.0
5184|318980|0.0
5184|688784|0.0
5184|732931|0.0
5184|145715|0.0
5184|152683|0.0
5184|408822|0.0
5184|191867|0.0
5184|22469|0.0
5184|421655|0.0
5184|444273|0.0
5184|631846|0.0
5184|90634|0.0
5184|794216|0.0
5184|354014|0.0
5184|519423|0.0
5184|120703|0.0
5184|390507|0.0
5184|132051|0.0
5184|37260|0.0
5184|577900|0.0
5184|651458|0.0
5184|535604|0.0
5184|630446|0.0
5184|159749|0.0
5184|708315|0.0
5184|528899|0.0
5184|214214|0.0
5184|319544|0.0
5184|640697|0.0
5184|587255|0.0
5184|60729|0.0
5184|102064|0.0
5184|680965|0.0
5184|398717|0.0
5184|419102|0.0
5184|306480|0.0
5184|486943|0.0
5184|482067|0.0
5184|287789|0.0
5184|264840|0.0
5184|185136|0.0
5184|664505|0.0
5184|469994|0.6875
5184|794179|0.739130434783
5184|361593|0.757894736842
5184|771765|0.757281553398
5184|17343|0.694444444444
5184|632108|0.64367816092
5184|362516|0.15
5184|375957|0.725490196078
5184|696330|0.68253968254
5184|467594|0.0
5184|153076|0.676056338028
5184|553209|0.710526315789
5184|199079|0.754716981132
5184|374827|0.755102040816
5184|417967|0.666666666667
5184|329290|0.68253968254
5184|535190|0.694444444444
5184|514635|0.744444444444
5184|558177|0.754545454545
5184|738527|0.739130434783
5184|226252|0.68115942029
5184|90780|0.75
5184|708382|0.755102040816
5184|643303|0.727272727273
5184|634056|0.75
5184|530637|0.725490196078
5184|99158|0.704545454545
5184|123387|0.558823529412
5184|305758|0.68253968254
5184|250770|0.755102040816
5184|356697|0.754545454545
5184|450105|0.68253968254
5184|413226|0.744186046512
5184|32400|0.458333333333
5184|552138|0.75
5184|394319|0.0
5184|221851|0.754098360656
5184|170401|0.745454545455
5184|772415|0.739130434783
5184|479092|0.725490196078
5184|539437|0.75
5184|355467|0.68115942029
5184|149742|0.75
5184|808485|0.0
5184|478763|0.755102040816
5184|559535|0.757894736842
5184|707167|0.727272727273
5184|342653|0.754098360656
5184|349086|0.725490196078
5184|412227|0.745454545455
4874|386849|0.175438596491
4874|152554|0.126984126984
4874|40923|0.175438596491
4874|667197|0.126984126984
4874|271352|0.175438596491
4874|777409|0.175438596491
4874|189915|0.126984126984
4874|37302|0.175438596491
4874|55013|0.175438596491
4874|622311|0.126984126984
4874|549254|0.175438596491
4874|653705|0.175438596491
4874|635852|0.175438596491
4874|831596|0.175438596491
4874|683817|0.126984126984
4874|601625|0.175438596491
4874|700211|0.175438596491
4874|144914|0.175438596491
4874|659488|0.175438596491
4874|534725|0.126984126984
4874|49104|0.175438596491
4874|153097|0.126984126984
4874|682625|0.175438596491
4874|53761|0.175438596491
4874|374974|0.175438596491
4874|814529|0.175438596491
4874|664634|0.175438596491
4874|119216|0.175438596491
4874|255058|0.175438596491
4874|731782|0.175438596491
4874|604156|0.175438596491
4874|329782|0.175438596491
4874|372419|0.175438596491
4874|597531|0.175438596491
4874|205564|0.175438596491
4874|166355|0.175438596491
4874|763733|0.175438596491
4874|405195|0.175438596491
4874|307851|0.175438596491
4874|200244|0.126984126984
4874|740499|0.175438596491
4874|747005|0.175438596491
4874|389573|0.175438596491
4874|439838|0.175438596491
4874|561477|0.175438596491
4874|658129|0.175438596491
4874|748530|0.175438596491
4874|679708|0.126984126984
4874|158954|0.126984126984
4874|317834|0.175438596491
4874|431687|0.516666666667
4874|723658|0.6
4874|705877|0.409090909091
4874|10416|0.533333333333
4874|213252|0.611940298507
4874|234002|0.533333333333
4874|29595|0.5
4874|385246|0.528301886792
4874|123546|0.361111111111
4874|161591|0.533333333333
4874|728804|0.361111111111
4874|444358|0.528301886792
4874|26170|0.533333333333
4874|532996|0.533333333333
4874|118725|0.361111111111
4874|250412|0.58064516129
4874|184431|0.361111111111
4874|641434|0.528301886792
4874|352882|0.533333333333
4874|496257|0.591836734694
4874|406719|0.533333333333
4874|484493|0.516666666667
4874|261233|0.5
4874|500874|0.533333333333
4874|378431|0.516666666667
4874|582349|0.464285714286
4874|290645|0.528301886792
4874|273577|0.466666666667
4874|652760|0.361111111111
4874|434307|0.361111111111
4874|500057|0.481481481481
4874|761248|0.361111111111
4874|438246|0.533333333333
4874|666288|0.574074074074
4874|258941|0.533333333333
4874|317539|0.533333333333
4874|440568|0.574074074074
4874|499463|0.409090909091
4874|712533|0.533333333333
4874|350028|0.533333333333
4874|315221|0.3
4874|322899|0.361111111111
4874|649849|0.533333333333
4874|759549|0.3
4874|650148|0.528301886792
4874|740537|0.533333333333
4874|773333|0.525
4874|201301|0.528301886792
4874|464600|0.571428571429
4874|376710|0.3
5747|386849|0.175438596491
5747|152554|0.126984126984
5747|40923|0.175438596491
5747|667197|0.126984126984
5747|271352|0.175438596491
5747|777409|0.175438596491
5747|189915|0.126984126984
5747|37302|0.175438596491
5747|55013|0.175438596491
5747|622311|0.126984126984
5747|549254|0.175438596491
5747|653705|0.175438596491
5747|635852|0.175438596491
5747|831596|0.175438596491
5747|683817|0.126984126984
5747|601625|0.175438596491
5747|700211|0.175438596491
5747|144914|0.175438596491
5747|659488|0.175438596491
5747|534725|0.126984126984
5747|49104|0.175438596491
5747|153097|0.126984126984
5747|682625|0.175438596491
5747|53761|0.175438596491
5747|374974|0.175438596491
5747|814529|0.175438596491
5747|664634|0.175438596491
5747|119216|0.175438596491
5747|255058|0.175438596491
5747|731782|0.175438596491
5747|604156|0.175438596491
5747|329782|0.175438596491
5747|372419|0.175438596491
5747|597531|0.175438596491
5747|205564|0.175438596491
5747|166355|0.175438596491
5747|763733|0.175438596491
5747|405195|0.175438596491
5747|307851|0.175438596491
5747|200244|0.126984126984
5747|740499|0.175438596491
5747|747005|0.175438596491
5747|389573|0.175438596491
5747|439838|0.175438596491
5747|561477|0.175438596491
5747|658129|0.175438596491
5747|748530|0.175438596491
5747|679708|0.126984126984
5747|158954|0.126984126984
5747|317834|0.175438596491
5747|260314|0.0
5747|413734|0.0
5747|73338|0.0
5747|361950|0.0
5747|508109|0.0
5747|461628|0.0
5747|497858|0.0
5747|317990|0.0
5747|405017|0.0
5747|64488|0.0
5747|305248|0.0
5747|515930|0.0
5747|257514|0.0
5747|480797|0.0
5747|108247|0.0
5747|299029|0.0
5747|470364|0.0
5747|578887|0.0
5747|795625|0.0
5747|441267|0.0
5747|205606|0.0
5747|95199|0.0
5747|392790|0.0
5747|158270|0.0
5747|736640|0.0
5747|23271|0.0
5747|519423|0.0
5747|774118|0.0
5747|110159|0.0
5747|20676|0.0
5747|203699|0.0
5747|661071|0.0
5747|762060|0.0
5747|771029|0.0
5747|65790|0.0
5747|179892|0.0
5747|453229|0.0
5747|367380|0.0
5747|459452|0.0
5747|232564|0.0
5747|523706|0.0
5747|718259|0.0
5747|82219|0.0
5747|106937|0.0
5747|737428|0.0
5747|195689|0.0
5747|306481|0.0
5747|720073|0.0
5747|109023|0.0
5747|746596|0.0
4881|386849|0.175438596491
4881|152554|0.126984126984
4881|40923|0.175438596491
4881|667197|0.126984126984
4881|271352|0.175438596491
4881|777409|0.175438596491
4881|189915|0.126984126984
4881|37302|0.175438596491
4881|55013|0.175438596491
4881|622311|0.126984126984
4881|549254|0.175438596491
4881|653705|0.175438596491
4881|635852|0.175438596491
4881|831596|0.175438596491
4881|683817|0.126984126984
4881|601625|0.175438596491
4881|700211|0.175438596491
4881|144914|0.175438596491
4881|659488|0.175438596491
4881|534725|0.126984126984
4881|49104|0.175438596491
4881|153097|0.126984126984
4881|682625|0.175438596491
4881|53761|0.175438596491
4881|374974|0.175438596491
4881|814529|0.175438596491
4881|664634|0.175438596491
4881|119216|0.175438596491
4881|255058|0.175438596491
4881|731782|0.175438596491
4881|604156|0.175438596491
4881|329782|0.175438596491
4881|372419|0.175438596491
4881|597531|0.175438596491
4881|205564|0.175438596491
4881|166355|0.175438596491
4881|763733|0.175438596491
4881|405195|0.175438596491
4881|307851|0.175438596491
4881|200244|0.126984126984
4881|740499|0.175438596491
4881|747005|0.175438596491
4881|389573|0.175438596491
4881|439838|0.175438596491
4881|561477|0.175438596491
4881|658129|0.175438596491
4881|748530|0.175438596491
4881|679708|0.126984126984
4881|158954|0.126984126984
4881|317834|0.175438596491
4881|388676|0.384615384615
4881|170494|0.384615384615
4881|204018|0.384615384615
4881|506689|0.266666666667
4881|710561|0.384615384615
4881|390408|0.384615384615
4881|470507|0.384615384615
4881|325074|0.384615384615
4881|458716|0.384615384615
4881|737423|0.384615384615
4881|411028|0.384615384615
4881|707228|0.384615384615
4881|292269|0.384615384615
4881|238225|0.384615384615
4881|216885|0.384615384615
4881|530640|0.384615384615
4881|336619|0.384615384615
4881|20075|0.384615384615
4881|96326|0.266666666667
4881|615833|0.384615384615
4881|342321|0.384615384615
4881|713557|0.384615384615
4881|391561|0.384615384615
4881|217937|0.384615384615
4881|602234|0.384615384615
4881|44102|0.384615384615
4881|195495|0.368421052632
4881|830028|0.185185185185
4881|137251|0.384615384615
4881|601072|0.384615384615
4881|31823|0.384615384615
4881|664865|0.384615384615
4881|443080|0.384615384615
4881|58953|0.384615384615
4881|338608|0.384615384615
4881|444377|0.384615384615
4881|446700|0.291666666667
4881|439408|0.185185185185
4881|669287|0.291666666667
4881|486244|0.291666666667
4881|651875|0.368421052632
4881|487532|0.291666666667
4881|314812|0.266666666667
4881|146169|0.266666666667
4881|667908|0.266666666667
4881|738909|0.266666666667
4881|443133|0.185185185185
4881|658847|0.266666666667
4881|814831|0.266666666667
4881|832860|0.291666666667
4111|679063|0.588235294118
4111|638102|0.588235294118
4111|413273|0.588235294118
4111|688780|0.586956521739
4111|513222|0.64406779661
4111|326907|0.588235294118
4111|275184|0.588235294118
4111|67844|0.588235294118
4111|368925|0.64406779661
4111|88769|0.64406779661
4111|50919|0.588235294118
4111|479598|0.588235294118
4111|392278|0.64406779661
4111|239741|0.588235294118
4111|642293|0.0
4111|14617|0.64406779661
4111|232333|0.64406779661
4111|94016|0.588235294118
4111|11765|0.588235294118
4111|110803|0.64406779661
4111|319814|0.619718309859
4111|603236|0.588235294118
4111|174500|0.588235294118
4111|823142|0.588235294118
4111|131570|0.588235294118
4111|406881|0.588235294118
4111|634739|0.597014925373
4111|634886|0.588235294118
4111|643805|0.588235294118
4111|271458|0.588235294118
4111|721515|0.588235294118
4111|825353|0.588235294118
4111|114712|0.588235294118
4111|458788|0.588235294118
4111|653287|0.588235294118
4111|681553|0.588235294118
4111|340468|0.35593220339
4111|738059|0.588235294118
4111|609740|0.586956521739
4111|580910|0.588235294118
4111|407426|0.588235294118
4111|45352|0.588235294118
4111|688047|0.588235294118
4111|28277|0.588235294118
4111|210628|0.588235294118
4111|481811|0.588235294118
4111|21395|0.588235294118
4111|450351|0.588235294118
4111|393726|0.588235294118
4111|781016|0.588235294118
4111|388676|0.384615384615
4111|170494|0.384615384615
4111|204018|0.384615384615
4111|506689|0.266666666667
4111|710561|0.384615384615
4111|390408|0.384615384615
4111|470507|0.384615384615
4111|325074|0.384615384615
4111|458716|0.384615384615
4111|737423|0.384615384615
4111|411028|0.384615384615
4111|707228|0.384615384615
4111|292269|0.384615384615
4111|238225|0.384615384615
4111|216885|0.384615384615
4111|530640|0.384615384615
4111|336619|0.384615384615
4111|20075|0.384615384615
4111|96326|0.266666666667
4111|615833|0.384615384615
4111|342321|0.384615384615
4111|713557|0.384615384615
4111|391561|0.384615384615
4111|217937|0.384615384615
4111|602234|0.384615384615
4111|44102|0.384615384615
4111|195495|0.368421052632
4111|830028|0.185185185185
4111|137251|0.384615384615
4111|601072|0.384615384615
4111|31823|0.384615384615
4111|664865|0.384615384615
4111|443080|0.384615384615
4111|58953|0.384615384615
4111|338608|0.384615384615
4111|444377|0.384615384615
4111|446700|0.291666666667
4111|439408|0.185185185185
4111|669287|0.291666666667
4111|486244|0.291666666667
4111|651875|0.368421052632
4111|487532|0.291666666667
4111|314812|0.266666666667
4111|146169|0.266666666667
4111|667908|0.266666666667
4111|738909|0.266666666667
4111|443133|0.185185185185
4111|658847|0.266666666667
4111|814831|0.266666666667
4111|832860|0.291666666667
3567|386840|0.126984126984
3567|772721|0.126984126984
3567|399013|0.126984126984
3567|248397|0.126984126984
3567|785150|0.126984126984
3567|363449|0.126984126984
3567|503003|0.126984126984
3567|14370|0.126984126984
3567|152554|0.0
3567|174515|0.126984126984
3567|336619|0.126984126984
3567|416266|0.126984126984
3567|271844|0.126984126984
3567|783045|0.126984126984
3567|640011|0.126984126984
3567|526403|0.126984126984
3567|682386|0.126984126984
3567|94429|0.126984126984
3567|176391|0.126984126984
3567|228253|0.126984126984
3567|383623|0.126984126984
3567|199449|0.126984126984
3567|667197|0.0
3567|629088|0.126984126984
3567|464266|0.126984126984
3567|805003|0.126984126984
3567|470269|0.126984126984
3567|553502|0.126984126984
3567|707265|0.126984126984
3567|243832|0.126984126984
3567|584766|0.126984126984
3567|189915|0.0
3567|495168|0.126984126984
3567|9889|0.126984126984
3567|426180|0.126984126984
3567|209610|0.126984126984
3567|236588|0.126984126984
3567|760581|0.126984126984
3567|199800|0.126984126984
3567|622311|0.0
3567|379804|0.126984126984
3567|726832|0.126984126984
3567|765248|0.126984126984
3567|789327|0.126984126984
3567|683817|0.0
3567|534725|0.0
3567|153097|0.0
3567|200244|0.0
3567|679708|0.0
3567|158954|0.0
3567|813700|0.848101265823
3567|749544|0.805970149254
3567|154607|0.830882352941
3567|70848|0.88
3567|651056|0.90350877193
3567|619376|0.882352941176
3567|190701|0.848101265823
3567|327592|0.853658536585
3567|459803|0.882352941176
3567|736949|0.878431372549
3567|41171|0.848101265823
3567|531642|0.844221105528
3567|790885|0.6
3567|801588|0.891625615764
3567|367028|0.89847715736
3567|364714|0.181818181818
3567|695867|0.88
3567|639486|0.878787878788
3567|819371|0.88
3567|22866|0.870056497175
3567|545761|0.882352941176
3567|353507|0.878787878788
3567|137409|0.903474903475
3567|495595|0.882352941176
3567|397402|0.90350877193
3567|664730|0.870056497175
3567|292378|0.181818181818
3567|625942|0.181818181818
3567|333878|0.898039215686
3567|783256|0.870056497175
3567|420926|0.181818181818
3567|621430|0.848101265823
3567|235407|0.88
3567|784298|0.87573964497
3567|192768|0.714285714286
3567|201748|0.87573964497
3567|829615|0.870056497175
3567|17835|0.905
3567|689030|0.181818181818
3567|35244|0.805970149254
3567|795576|0.880952380952
3567|220982|0.854651162791
3567|409207|0.903474903475
3567|47782|0.891625615764
3567|616522|0.848101265823
3567|479046|0.882352941176
3567|158954|0.0
3567|746634|0.848101265823
3567|90659|0.854651162791
3567|749650|0.89847715736
5625|479763|0.166666666667
5625|824000|0.0
5625|226422|0.128205128205
5625|681666|0.0
5625|599298|0.128205128205
5625|48201|0.0
5625|493633|0.0
5625|75180|0.0
5625|527951|0.0
5625|420284|0.0
5625|388658|0.128205128205
5625|430277|0.128205128205
5625|736238|0.0
5625|227057|0.128205128205
5625|339846|0.0
5625|415811|0.128205128205
5625|95682|0.128205128205
5625|309576|0.2
5625|604914|0.2
5625|820518|0.0
5625|192900|0.128205128205
5625|273646|0.0
5625|31633|0.0
5625|801965|0.0
5625|364312|0.0
5625|205381|0.0
5625|768023|0.128205128205
5625|518602|0.128205128205
5625|401404|0.0
5625|176054|0.0
5625|383313|0.0
5625|217001|0.0
5625|345599|0.128205128205
5625|638590|0.0
5625|358224|0.2
5625|87648|0.0
5625|788785|0.0
5625|464040|0.2
5625|586801|0.0
5625|30771|0.0
5625|212032|0.128205128205
5625|354389|0.128205128205
5625|727281|0.0
5625|694771|0.0
5625|50822|0.0
5625|385878|0.0
5625|387940|0.0
5625|753933|0.128205128205
5625|402677|0.0
5625|698965|0.0
5625|779258|0.4
5625|133888|0.121951219512
5625|651984|0.121951219512
5625|19214|0.121951219512
5625|48201|0.0
5625|62828|0.4
5625|398556|0.121951219512
5625|663446|0.121951219512
5625|374904|0.4
5625|814704|0.392857142857
5625|527951|0.0
5625|587008|0.4
5625|67179|0.326086956522
5625|715285|0.4
5625|183071|0.4
5625|735095|0.4
5625|347211|0.0
5625|556454|0.4
5625|779099|0.326086956522
5625|779679|0.392857142857
5625|613549|0.121951219512
5625|211360|0.4
5625|64885|0.340425531915
5625|80556|0.0
5625|144884|0.4
5625|616432|0.121951219512
5625|276547|0.4
5625|265620|0.4
5625|762306|0.392857142857
5625|175871|0.121951219512
5625|97075|0.4
5625|380978|0.4
5625|567838|0.323529411765
5625|186561|0.4
5625|647746|0.4
5625|19644|0.323529411765
5625|593060|0.4
5625|382859|0.4
5625|250531|0.4
5625|814517|0.4
5625|622328|0.35
5625|67323|0.323529411765
5625|547262|0.323529411765
5625|350458|0.392857142857
5625|449263|0.4
5625|373483|0.323529411765
5625|214475|0.392857142857
5625|338264|0.323529411765
5625|647559|0.392857142857
5625|703722|0.326086956522
3383|413737|0.130434782609
3383|500045|0.130434782609
3383|660580|0.130434782609
3383|493516|0.0
3383|471588|0.130434782609
3383|9182|0.0
3383|547871|0.130434782609
3383|689241|0.0967741935484
3383|228923|0.130434782609
3383|742767|0.0
3383|611876|0.130434782609
3383|54909|0.0
3383|419506|0.130434782609
3383|746377|0.0
3383|644631|0.0
3383|695280|0.130434782609
3383|680805|0.0
3383|64389|0.130434782609
3383|744111|0.0
3383|675365|0.130434782609
3383|265182|0.0
3383|398288|0.0
3383|296676|0.0
3383|579043|0.0
3383|206628|0.0
3383|383466|0.0
3383|553287|0.0
3383|361907|0.0
3383|217531|0.0
3383|60575|0.0
3383|366429|0.0
3383|98347|0.0967741935484
3383|582225|0.0
3383|704142|0.0967741935484
3383|586167|0.0
3383|626862|0.0
3383|410686|0.0
3383|203533|0.0
3383|42892|0.0
3383|411923|0.0
3383|357802|0.0
3383|622304|0.0
3383|231032|0.0
3383|720433|0.0967741935484
3383|113046|0.0
3383|637998|0.0
3383|511166|0.0
3383|212968|0.0
3383|145887|0.0
3383|167002|0.0
3383|585951|0.16
3383|672971|0.432432432432
3383|299108|0.16
3383|191216|0.432432432432
3383|388331|0.432432432432
3383|306777|0.0
3383|562578|0.432432432432
3383|758239|0.0
3383|350252|0.0
3383|297859|0.28
3383|313877|0.333333333333
3383|615866|0.424242424242
3383|260183|0.16
3383|151982|0.432432432432
3383|784952|0.409090909091
3383|769508|0.0
3383|176127|0.432432432432
3383|679352|0.16
3383|758585|0.0
3383|212760|0.432432432432
3383|559847|0.432432432432
3383|464059|0.432432432432
3383|102935|0.0
3383|150798|0.16
3383|305272|0.16
3383|427831|0.0
3383|558810|0.0
3383|210447|0.16
3383|458601|0.3125
3383|220458|0.16
3383|69223|0.296296296296
3383|787187|0.16
3383|534884|0.0
3383|450844|0.387096774194
3383|332744|0.16
3383|198719|0.0
3383|635141|0.16
3383|458870|0.259259259259
3383|457472|0.16
3383|485093|0.0
3383|16407|0.387096774194
3383|401604|0.0
3383|761050|0.0
3383|716311|0.0
3383|791944|0.0
3383|576204|0.16
3383|610856|0.0
3383|68485|0.16
3383|26325|0.208333333333
3383|115275|0.409090909091
3276|413737|0.130434782609
3276|500045|0.130434782609
3276|660580|0.130434782609
3276|493516|0.0
3276|471588|0.130434782609
3276|9182|0.0
3276|547871|0.130434782609
3276|689241|0.0967741935484
3276|228923|0.130434782609
3276|742767|0.0
3276|611876|0.130434782609
3276|54909|0.0
3276|419506|0.130434782609
3276|746377|0.0
3276|644631|0.0
3276|695280|0.130434782609
3276|680805|0.0
3276|64389|0.130434782609
3276|744111|0.0
3276|675365|0.130434782609
3276|265182|0.0
3276|398288|0.0
3276|296676|0.0
3276|579043|0.0
3276|206628|0.0
3276|383466|0.0
3276|553287|0.0
3276|361907|0.0
3276|217531|0.0
3276|60575|0.0
3276|366429|0.0
3276|98347|0.0967741935484
3276|582225|0.0
3276|704142|0.0967741935484
3276|586167|0.0
3276|626862|0.0
3276|410686|0.0
3276|203533|0.0
3276|42892|0.0
3276|411923|0.0
3276|357802|0.0
3276|622304|0.0
3276|231032|0.0
3276|720433|0.0967741935484
3276|113046|0.0
3276|637998|0.0
3276|511166|0.0
3276|212968|0.0
3276|145887|0.0
3276|167002|0.0
3276|420651|0.739130434783
3276|758619|0.739130434783
3276|394592|0.739130434783
3276|167686|0.739130434783
3276|111169|0.739130434783
3276|88491|0.739130434783
3276|671883|0.739130434783
3276|533272|0.674418604651
3276|667695|0.739130434783
3276|375796|0.739130434783
3276|709693|0.739130434783
3276|594107|0.674418604651
3276|403707|0.739130434783
3276|102526|0.739130434783
3276|400183|0.739130434783
3276|793618|0.739130434783
3276|400878|0.739130434783
3276|806493|0.739130434783
3276|746377|0.0
3276|652844|0.739130434783
3276|483892|0.739130434783
3276|655601|0.727272727273
3276|382230|0.674418604651
3276|153478|0.729166666667
3276|523146|0.732394366197
3276|623413|0.594594594595
3276|414408|0.739130434783
3276|39636|0.739130434783
3276|249072|0.739130434783
3276|35288|0.739130434783
3276|658932|0.739130434783
3276|448847|0.674418604651
3276|629025|0.722772277228
3276|628394|0.732394366197
3276|418663|0.674418604651
3276|110778|0.35
3276|88134|0.674418604651
3276|366201|0.729166666667
3276|145490|0.725274725275
3276|203165|0.674418604651
3276|410166|0.729166666667
3276|802065|0.729166666667
3276|750793|0.729166666667
3276|634658|0.729166666667
3276|702902|0.729166666667
3276|10880|0.674418604651
3276|387807|0.729166666667
3276|18435|0.725274725275
3276|693772|0.674418604651
3276|166709|0.729166666667
3113|693514|0.0
3113|429670|0.0
3113|714058|0.390625
3113|173018|0.0
3113|532225|0.0
3113|575378|0.0
3113|190707|0.0
3113|96927|0.0
3113|646464|0.0
3113|714238|0.0
3113|809437|0.390625
3113|806466|0.0
3113|821320|0.0
3113|817992|0.0
3113|748491|0.516129032258
3113|515444|0.390625
3113|192134|0.0
3113|464639|0.0
3113|637366|0.0
3113|798123|0.0
3113|272433|0.0
3113|421266|0.0
3113|505422|0.0
3113|776231|0.0
3113|22623|0.0
3113|403510|0.0
3113|460072|0.0
3113|263341|0.555555555556
3113|639937|0.516129032258
3113|535192|0.0
3113|72999|0.0
3113|149944|0.0
3113|727870|0.0
3113|103950|0.0
3113|666209|0.0
3113|285544|0.0
3113|425027|0.0
3113|673694|0.0
3113|722249|0.0
3113|442034|0.0
3113|483438|0.0
3113|456518|0.0
3113|522159|0.0
3113|76352|0.0
3113|710669|0.0
3113|189478|0.555555555556
3113|704387|0.0
3113|564279|0.0
3113|394182|0.516129032258
3113|471543|0.0
3113|97348|0.0
3113|589620|0.0
3113|14352|0.0
3113|538195|0.0
3113|77522|0.0
3113|713114|0.0
3113|159296|0.0
3113|669033|0.0
3113|330910|0.0
3113|718756|0.0
3113|115695|0.0
3113|158565|0.0
3113|568626|0.0
3113|708797|0.0
3113|597965|0.0
3113|148298|0.0
3113|185310|0.0
3113|552115|0.0
3113|448998|0.0
3113|140447|0.0
3113|213293|0.0
3113|745564|0.0
3113|187068|0.0
3113|229203|0.0
3113|491340|0.0
3113|422264|0.0
3113|295866|0.0
3113|348244|0.0
3113|818079|0.0
3113|299105|0.0
3113|147291|0.0
3113|216640|0.0
3113|439469|0.0
3113|667754|0.0
3113|78398|0.0
3113|783369|0.0
3113|439325|0.0
3113|64445|0.0
3113|743016|0.0
3113|197103|0.0
3113|42643|0.0
3113|296712|0.0
3113|63279|0.0
3113|413059|0.0
3113|747456|0.0
3113|683035|0.0
3113|552955|0.0
3113|807130|0.0
3113|793580|0.0
3113|254800|0.0
5146|413737|0.5
5146|70927|0.0
5146|500045|0.5
5146|660580|0.5
5146|254253|0.347826086957
5146|379969|0.352941176471
5146|471588|0.5
5146|547871|0.5
5146|228923|0.5
5146|429318|0.352941176471
5146|611876|0.5
5146|419506|0.5
5146|279828|0.0
5146|695280|0.5
5146|64389|0.5
5146|675365|0.5
5146|93365|0.5
5146|818518|0.5
5146|78685|0.5
5146|14186|0.0
5146|363564|0.5
5146|283261|0.5
5146|357527|0.347826086957
5146|464556|0.5
5146|141920|0.5
5146|415618|0.5
5146|795638|0.5
5146|247461|0.475
5146|735289|0.5
5146|9997|0.5
5146|19098|0.5
5146|98461|0.5
5146|478769|0.5
5146|615129|0.5
5146|249661|0.5
5146|694127|0.5
5146|415136|0.352941176471
5146|545347|0.378378378378
5146|804587|0.0
5146|617823|0.0
5146|655154|0.352941176471
5146|731380|0.0
5146|634499|0.294117647059
5146|522990|0.378378378378
5146|821499|0.378378378378
5146|593817|0.46875
5146|725503|0.347826086957
5146|825766|0.347826086957
5146|685727|0.411764705882
5146|81659|0.352941176471
5146|770720|0.0
5146|137157|0.0
5146|812276|0.0
5146|205543|0.0
5146|207732|0.0
5146|223346|0.0
5146|26797|0.0
5146|794436|0.0
5146|82975|0.0
5146|821756|0.0
5146|289050|0.0
5146|277565|0.0
5146|176196|0.0
5146|103006|0.0
5146|567884|0.0
5146|355872|0.0
5146|438739|0.0
5146|310067|0.0
5146|533328|0.0
5146|137536|0.0
5146|125197|0.0
5146|338223|0.0
5146|506167|0.0
5146|389254|0.0
5146|159498|0.0
5146|77400|0.0
5146|533511|0.0
5146|251687|0.0
5146|540733|0.0
5146|190143|0.0
5146|364109|0.0
5146|512583|0.0
5146|585979|0.0
5146|291762|0.0
5146|532725|0.0
5146|530641|0.0
5146|632890|0.0
5146|262561|0.0
5146|184086|0.0
5146|374329|0.0
5146|822677|0.0
5146|119029|0.0
5146|349677|0.0
5146|358257|0.0
5146|431764|0.0
5146|19513|0.0
5146|426817|0.0
5146|115814|0.0
5146|295023|0.0
5146|309273|0.0
4814|497858|0.0
4814|315075|0.0
4814|562926|0.0
4814|222197|0.0
4814|359785|0.0
4814|777677|0.0
4814|513991|0.0
4814|671249|0.0
4814|531693|0.0
4814|552914|0.0
4814|546194|0.0
4814|314571|0.0
4814|717459|0.0
4814|328901|0.0
4814|546904|0.0
4814|512584|0.0
4814|805864|0.0
4814|427296|0.0
4814|494269|0.0
4814|777560|0.0
4814|236184|0.0
4814|200159|0.0
4814|761483|0.0
4814|309460|0.0
4814|188947|0.0
4814|430412|0.0
4814|141790|0.0
4814|450654|0.0
4814|135671|0.0
4814|659980|0.0
4814|771351|0.0
4814|675626|0.0
4814|694575|0.0
4814|614025|0.0
4814|12104|0.0
4814|348380|0.0
4814|161319|0.0
4814|91655|0.0
4814|47824|0.0
4814|551210|0.0
4814|480363|0.0
4814|321364|0.0
4814|722553|0.0
4814|489241|0.0
4814|581960|0.0
4814|381636|0.0
4814|59586|0.0
4814|636218|0.0
4814|144812|0.0
4814|751057|0.0
4814|549011|0.677419354839
4814|119898|0.74358974359
4814|767308|0.563636363636
4814|750398|0.621212121212
4814|706720|0.74358974359
4814|336030|0.0
4814|99303|0.730158730159
4814|451835|0.677419354839
4814|647911|0.5
4814|640574|0.74358974359
4814|764489|0.677419354839
4814|451230|0.676470588235
4814|673712|0.677419354839
4814|496398|0.71568627451
4814|609753|0.677419354839
4814|205532|0.74358974359
4814|640337|0.677419354839
4814|213540|0.742857142857
4814|767982|0.677419354839
4814|209554|0.677419354839
4814|825863|0.563636363636
4814|101108|0.735294117647
4814|662184|0.677419354839
4814|694662|0.735294117647
4814|522269|0.677419354839
4814|81871|0.677419354839
4814|790676|0.75
4814|803042|0.742857142857
4814|305702|0.677419354839
4814|702930|0.0
4814|274472|0.74358974359
4814|128569|0.74358974359
4814|517188|0.735294117647
4814|77844|0.742857142857
4814|124896|0.657142857143
4814|342741|0.756756756757
4814|814107|0.677419354839
4814|763452|0.677419354839
4814|591153|0.756756756757
4814|354874|0.677419354839
4814|34066|0.677419354839
4814|580074|0.677419354839
4814|317590|0.742857142857
4814|204512|0.74358974359
4814|319175|0.735294117647
4814|370304|0.677419354839
4814|56600|0.677419354839
4814|762602|0.74358974359
4814|822634|0.74358974359
4814|328417|0.333333333333
3042|117495|0.0769230769231
3042|486180|0.0
3042|233014|0.333333333333
3042|510247|0.333333333333
3042|536043|0.333333333333
3042|550857|0.333333333333
3042|801720|0.333333333333
3042|749776|0.0769230769231
3042|220541|0.333333333333
3042|93399|0.333333333333
3042|776856|0.0769230769231
3042|519789|0.333333333333
3042|432700|0.333333333333
3042|369417|0.333333333333
3042|269191|0.333333333333
3042|341778|0.333333333333
3042|413172|0.333333333333
3042|424852|0.333333333333
3042|111792|0.333333333333
3042|774471|0.0769230769231
3042|662578|0.333333333333
3042|25799|0.333333333333
3042|548610|0.333333333333
3042|80112|0.0625
3042|491824|0.333333333333
3042|63075|0.333333333333
3042|698779|0.333333333333
3042|702087|0.333333333333
3042|605063|0.333333333333
3042|653234|0.0
3042|477360|0.333333333333
3042|90741|0.333333333333
3042|323638|0.333333333333
3042|47487|0.0
3042|20322|0.333333333333
3042|299941|0.333333333333
3042|426650|0.333333333333
3042|382329|0.333333333333
3042|806308|0.333333333333
3042|820504|0.333333333333
3042|742974|0.0
3042|381478|0.0
3042|495704|0.0769230769231
3042|36196|0.0
3042|746771|0.0
3042|107292|0.0
3042|769138|0.0
3042|315798|0.0
3042|212907|0.297297297297
3042|723353|0.0
3042|107644|0.0
3042|799619|0.0
3042|672263|0.0
3042|661898|0.0
3042|544624|0.0
3042|695163|0.0
3042|567134|0.0
3042|244570|0.0
3042|212405|0.0
3042|484046|0.0
3042|290355|0.0
3042|517562|0.0
3042|724027|0.0
3042|587121|0.0
3042|463575|0.0
3042|426596|0.0
3042|654778|0.0
3042|451669|0.0
3