6796|778285|0.0
6796|494929|0.0
6796|494920|0.0
6796|494925|0.0
6796|494926|0.0
6796|494310|0.0
6796|545962|0.0
6796|554374|0.0
6796|168086|0.0
6796|719203|0.0
6796|513059|0.0
6796|513052|0.0
6796|513054|0.0
6796|513055|0.0
6796|303233|0.0
6796|388671|0.0
6796|532448|0.0
6796|572083|0.0
6796|773131|0.0
6796|309429|0.0
6796|265104|0.0
6796|233032|0.0
6796|233034|0.0
6796|596922|0.0
6796|596924|0.0
6796|157248|0.0
6796|130894|0.0
6796|345891|0.0
6796|230718|0.0
6796|667799|0.0
6796|619952|0.0
6796|726082|0.0
6796|820224|0.0
6796|170911|0.0
6796|320297|0.0
6796|236906|0.0
6796|246206|0.0
6796|246207|0.0
6796|739015|0.0
6796|323985|0.0
6796|693714|0.0
6796|785559|0.0
6796|451992|0.0
6796|539802|0.0
6796|250816|0.0
6796|665912|0.0
6796|162574|0.0
6796|162579|0.0
6796|579720|0.0
6796|190783|0.0
6796|169489|0.08
6796|380407|0.08
6796|781946|0.08
6796|804145|0.0
6796|769625|0.08
6796|768138|0.08
6796|59894|0.0
6796|761933|0.08
6796|511982|0.08
6796|622210|0.08
6796|167631|0.0
6796|138111|0.08
6796|620832|0.08
6796|527073|0.08
6796|18200|0.08
6796|309073|0.08
6796|714265|0.08
6796|145689|0.08
6796|218538|0.08
6796|535356|0.08
6796|394606|0.08
6796|307208|0.08
6796|200597|0.0
6796|372941|0.08
6796|630417|0.0
6796|367425|0.08
6796|67430|0.08
6796|99150|0.08
6796|563228|0.08
6796|659028|0.0
6796|757088|0.08
6796|158888|0.08
6796|518682|0.08
6796|640613|0.08
6796|181370|0.08
6796|662262|0.08
6796|249149|0.0
6796|78874|0.08
6796|737931|0.08
6796|195872|0.08
6796|598255|0.08
6796|53395|0.08
6796|583874|0.08
6796|793305|0.08
6796|185035|0.08
6796|475854|0.08
6796|41048|0.08
6796|420270|0.08
6796|151582|0.08
6796|775909|0.08
7107|778285|0.0
7107|494929|0.0
7107|494920|0.0
7107|494925|0.0
7107|494926|0.0
7107|494310|0.0
7107|545962|0.0
7107|554374|0.0
7107|168086|0.0
7107|719203|0.0
7107|513059|0.0
7107|513052|0.0
7107|513054|0.0
7107|513055|0.0
7107|303233|0.0
7107|388671|0.0
7107|532448|0.0
7107|572083|0.0
7107|773131|0.0
7107|309429|0.0
7107|265104|0.0
7107|233032|0.0
7107|233034|0.0
7107|596922|0.0
7107|596924|0.0
7107|157248|0.0
7107|130894|0.0
7107|345891|0.0
7107|230718|0.0
7107|667799|0.0
7107|619952|0.0
7107|726082|0.0
7107|820224|0.0
7107|170911|0.0
7107|320297|0.0
7107|236906|0.0
7107|246206|0.0
7107|246207|0.0
7107|739015|0.0
7107|323985|0.0
7107|693714|0.0
7107|785559|0.0
7107|451992|0.0
7107|539802|0.0
7107|250816|0.0
7107|665912|0.0
7107|162574|0.0
7107|162579|0.0
7107|579720|0.0
7107|190783|0.0
7107|91333|0.44
7107|480261|0.44
7107|542279|0.44
7107|426394|0.44
7107|400692|0.44
7107|370826|0.442307692308
7107|517039|0.444444444444
7107|387783|0.44
7107|37005|0.542372881356
7107|538952|0.582089552239
7107|465156|0.44
7107|674440|0.582089552239
7107|185083|0.44
7107|345290|0.582089552239
7107|598247|0.44
7107|477727|0.44
7107|120758|0.542372881356
7107|238831|0.542372881356
7107|419179|0.573770491803
7107|589735|0.44
7107|693604|0.44
7107|833147|0.582089552239
7107|773909|0.44
7107|69045|0.325581395349
7107|113037|0.44
7107|99156|0.542372881356
7107|324648|0.44
7107|161366|0.44
7107|793607|0.485714285714
7107|224194|0.44
7107|766902|0.44
7107|321838|0.491525423729
7107|719276|0.490909090909
7107|812549|0.542372881356
7107|771097|0.44
7107|412480|0.542372881356
7107|775505|0.491525423729
7107|593324|0.576576576577
7107|444555|0.44
7107|548606|0.44
7107|242410|0.44
7107|421598|0.44
7107|273521|0.51724137931
7107|747465|0.576576576577
7107|535344|0.44
7107|784719|0.44
7107|462715|0.444444444444
7107|368143|0.542372881356
7107|497588|0.44
7107|238960|0.542372881356
6022|778285|0.0
6022|494929|0.0
6022|494920|0.0
6022|494925|0.0
6022|494926|0.0
6022|494310|0.0
6022|545962|0.0
6022|554374|0.0
6022|168086|0.0
6022|719203|0.0
6022|513059|0.0
6022|513052|0.0
6022|513054|0.0
6022|513055|0.0
6022|303233|0.0
6022|388671|0.0
6022|532448|0.0
6022|572083|0.0
6022|773131|0.0
6022|309429|0.0
6022|265104|0.0
6022|233032|0.0
6022|233034|0.0
6022|596922|0.0
6022|596924|0.0
6022|157248|0.0
6022|130894|0.0
6022|345891|0.0
6022|230718|0.0
6022|667799|0.0
6022|619952|0.0
6022|726082|0.0
6022|820224|0.0
6022|170911|0.0
6022|320297|0.0
6022|236906|0.0
6022|246206|0.0
6022|246207|0.0
6022|739015|0.0
6022|323985|0.0
6022|693714|0.0
6022|785559|0.0
6022|451992|0.0
6022|539802|0.0
6022|250816|0.0
6022|665912|0.0
6022|162574|0.0
6022|162579|0.0
6022|579720|0.0
6022|190783|0.0
6022|550056|0.485714285714
6022|633369|0.473684210526
6022|342811|0.424242424242
6022|66558|0.485714285714
6022|762417|0.473684210526
6022|812497|0.485714285714
6022|663549|0.485714285714
6022|465754|0.485714285714
6022|549864|0.485714285714
6022|124886|0.485714285714
6022|76661|0.485714285714
6022|235795|0.485714285714
6022|455780|0.485714285714
6022|755710|0.473684210526
6022|833496|0.34
6022|418629|0.485714285714
6022|408025|0.485714285714
6022|731140|0.485714285714
6022|579598|0.473684210526
6022|408639|0.34
6022|374372|0.473684210526
6022|748472|0.485714285714
6022|284968|0.473684210526
6022|765128|0.485714285714
6022|568559|0.473684210526
6022|389809|0.485714285714
6022|584011|0.478260869565
6022|331321|0.485714285714
6022|139397|0.473684210526
6022|765873|0.473684210526
6022|55303|0.387755102041
6022|241951|0.485714285714
6022|609701|0.485714285714
6022|576262|0.485714285714
6022|27861|0.485714285714
6022|142766|0.485714285714
6022|35629|0.485714285714
6022|686710|0.450704225352
6022|83346|0.485714285714
6022|667246|0.485714285714
6022|619245|0.0
6022|394179|0.485714285714
6022|32412|0.485714285714
6022|95937|0.485714285714
6022|529697|0.485714285714
6022|703030|0.478260869565
6022|122515|0.485714285714
6022|362139|0.34
6022|689342|0.473684210526
6022|210614|0.478260869565
6852|778285|0.0
6852|494929|0.0
6852|494920|0.0
6852|494925|0.0
6852|494926|0.0
6852|494310|0.0
6852|545962|0.0
6852|554374|0.0
6852|168086|0.0
6852|719203|0.0
6852|513059|0.0
6852|513052|0.0
6852|513054|0.0
6852|513055|0.0
6852|303233|0.0
6852|388671|0.0
6852|532448|0.0
6852|572083|0.0
6852|773131|0.0
6852|309429|0.0
6852|265104|0.0
6852|233032|0.0
6852|233034|0.0
6852|596922|0.0
6852|596924|0.0
6852|157248|0.0
6852|130894|0.0
6852|345891|0.0
6852|230718|0.0
6852|667799|0.0
6852|619952|0.0
6852|726082|0.0
6852|820224|0.0
6852|170911|0.0
6852|320297|0.0
6852|236906|0.0
6852|246206|0.0
6852|246207|0.0
6852|739015|0.0
6852|323985|0.0
6852|693714|0.0
6852|785559|0.0
6852|451992|0.0
6852|539802|0.0
6852|250816|0.0
6852|665912|0.0
6852|162574|0.0
6852|162579|0.0
6852|579720|0.0
6852|190783|0.0
6852|535133|0.136363636364
6852|46397|0.136363636364
6852|770550|0.136363636364
6852|270719|0.136363636364
6852|222756|0.136363636364
6852|96214|0.136363636364
6852|660673|0.136363636364
6852|652195|0.136363636364
6852|132954|0.136363636364
6852|545214|0.136363636364
6852|307532|0.136363636364
6852|762061|0.136363636364
6852|130690|0.136363636364
6852|676456|0.136363636364
6852|400677|0.136363636364
6852|611928|0.136363636364
6852|705873|0.136363636364
6852|305968|0.136363636364
6852|417643|0.136363636364
6852|557306|0.136363636364
6852|148769|0.136363636364
6852|149412|0.136363636364
6852|774610|0.136363636364
6852|443967|0.136363636364
6852|423508|0.136363636364
6852|746814|0.136363636364
6852|119041|0.136363636364
6852|110339|0.136363636364
6852|141239|0.136363636364
6852|523225|0.136363636364
6852|85925|0.136363636364
6852|236573|0.136363636364
6852|630786|0.136363636364
6852|585758|0.136363636364
6852|299361|0.136363636364
6852|431403|0.136363636364
6852|64526|0.136363636364
6852|86551|0.136363636364
6852|327682|0.136363636364
6852|329259|0.136363636364
6852|207664|0.136363636364
6852|572558|0.0
6852|121692|0.136363636364
6852|464894|0.136363636364
6852|643596|0.136363636364
6852|393774|0.136363636364
6852|829218|0.0
6852|575600|0.0
6852|278296|0.0
6852|397613|0.0
7284|778285|0.0
7284|494929|0.0
7284|494920|0.0
7284|494925|0.0
7284|494926|0.0
7284|494310|0.0
7284|545962|0.0
7284|554374|0.0
7284|168086|0.0
7284|719203|0.0
7284|513059|0.0
7284|513052|0.0
7284|513054|0.0
7284|513055|0.0
7284|303233|0.0
7284|388671|0.0
7284|532448|0.0
7284|572083|0.0
7284|773131|0.0
7284|309429|0.0
7284|265104|0.0
7284|233032|0.0
7284|233034|0.0
7284|596922|0.0
7284|596924|0.0
7284|157248|0.0
7284|130894|0.0
7284|345891|0.0
7284|230718|0.0
7284|667799|0.0
7284|619952|0.0
7284|726082|0.0
7284|820224|0.0
7284|170911|0.0
7284|320297|0.0
7284|236906|0.0
7284|246206|0.0
7284|246207|0.0
7284|739015|0.0
7284|323985|0.0
7284|693714|0.0
7284|785559|0.0
7284|451992|0.0
7284|539802|0.0
7284|250816|0.0
7284|665912|0.0
7284|162574|0.0
7284|162579|0.0
7284|579720|0.0
7284|190783|0.0
7284|229986|0.0
7284|720715|0.0
7284|243892|0.0
7284|49032|0.0
7284|379986|0.0
7284|247800|0.0
7284|735471|0.0
7284|471875|0.0
7284|406362|0.0
7284|349618|0.0
7284|657527|0.0
7284|56879|0.0
7284|708837|0.0
7284|324495|0.0
7284|670739|0.0
7284|545457|0.0
7284|549857|0.0
7284|466792|0.0
7284|530285|0.0
7284|440478|0.0
7284|813444|0.0
7284|618102|0.0
7284|286812|0.0
7284|206895|0.0
7284|679762|0.0
7284|383066|0.0
7284|187498|0.0
7284|263372|0.0
7284|530829|0.0
7284|44162|0.0
7284|64692|0.0
7284|582787|0.0
7284|419523|0.0
7284|769902|0.0
7284|272946|0.0
7284|133271|0.0
7284|68382|0.0
7284|454192|0.0
7284|510629|0.0
7284|362053|0.0
7284|718983|0.0
7284|746424|0.0
7284|229221|0.0
7284|190445|0.0
7284|654931|0.0
7284|408588|0.0
7284|90676|0.0
7284|73776|0.0
7284|695409|0.0
7284|259023|0.0
8127|778285|0.0
8127|494929|0.0
8127|494920|0.0
8127|494925|0.0
8127|494926|0.0
8127|494310|0.0
8127|545962|0.0
8127|554374|0.0
8127|168086|0.0
8127|719203|0.0
8127|513059|0.0
8127|513052|0.0
8127|513054|0.0
8127|513055|0.0
8127|303233|0.0
8127|388671|0.0
8127|532448|0.0
8127|572083|0.0
8127|773131|0.0
8127|309429|0.0
8127|265104|0.0
8127|233032|0.0
8127|233034|0.0
8127|596922|0.0
8127|596924|0.0
8127|157248|0.0
8127|130894|0.0
8127|345891|0.0
8127|230718|0.0
8127|667799|0.0
8127|619952|0.0
8127|726082|0.0
8127|820224|0.0
8127|170911|0.0
8127|320297|0.0
8127|236906|0.0
8127|246206|0.0
8127|246207|0.0
8127|739015|0.0
8127|323985|0.0
8127|693714|0.0
8127|785559|0.0
8127|451992|0.0
8127|539802|0.0
8127|250816|0.0
8127|665912|0.0
8127|162574|0.0
8127|162579|0.0
8127|579720|0.0
8127|190783|0.0
8127|49254|0.952127659574
8127|616196|0.952127659574
8127|360500|0.940639269406
8127|150601|0.912280701754
8127|591241|0.0909090909091
8127|348509|0.0
8127|8867|0.940639269406
8127|124137|0.0909090909091
8127|407346|0.27380952381
8127|151562|0.27380952381
8127|408506|0.903225806452
8127|699358|0.0909090909091
8127|233796|0.952127659574
8127|98028|0.0909090909091
8127|488453|0.0909090909091
8127|579449|0.0909090909091
8127|83617|0.952127659574
8127|242389|0.0909090909091
8127|226858|0.0
8127|783858|0.0909090909091
8127|572255|0.285714285714
8127|326101|0.0909090909091
8127|257445|0.0
8127|299668|0.924528301887
8127|262364|0.0909090909091
8127|462834|0.940639269406
8127|729217|0.0
8127|794232|0.912280701754
8127|804159|0.0909090909091
8127|270505|0.924528301887
8127|643761|0.940639269406
8127|640906|0.27380952381
8127|249303|0.0909090909091
8127|236958|0.912280701754
8127|515480|0.937254901961
8127|353420|0.940639269406
8127|597717|0.0909090909091
8127|675416|0.940639269406
8127|458002|0.940639269406
8127|659835|0.948979591837
8127|18351|0.924528301887
8127|521782|0.0909090909091
8127|530260|0.0909090909091
8127|197971|0.867924528302
8127|527328|0.0909090909091
8127|369822|0.0909090909091
8127|239202|0.318181818182
8127|702453|0.0909090909091
8127|486417|0.0
8127|760289|0.86925795053
7584|73331|0.0
7584|585078|0.0
7584|609078|0.0
7584|802119|0.0
7584|181396|0.0
7584|311657|0.0
7584|494639|0.0
7584|810750|0.0
7584|302180|0.0
7584|504864|0.0
7584|36478|0.0
7584|400838|0.0
7584|18149|0.0
7584|327047|0.0
7584|511105|0.0
7584|391217|0.0
7584|23191|0.0
7584|758718|0.0
7584|300069|0.0
7584|362033|0.0
7584|29416|0.0
7584|582217|0.0
7584|48202|0.0
7584|581672|0.0
7584|404327|0.0
7584|254273|0.0
7584|626052|0.0
7584|313754|0.0
7584|53354|0.0
7584|432448|0.0
7584|466724|0.0
7584|707905|0.0
7584|170234|0.0
7584|217815|0.0
7584|228860|0.0
7584|570462|0.0
7584|32267|0.0
7584|794138|0.0
7584|57164|0.0
7584|660767|0.0
7584|517590|0.0
7584|817420|0.0
7584|214150|0.0
7584|549212|0.0
7584|257772|0.0
7584|757349|0.0
7584|728577|0.0
7584|636517|0.0
7584|279905|0.0
7584|652487|0.0
7584|112903|0.388888888889
7584|598582|0.388888888889
7584|389111|0.388888888889
7584|217342|0.388888888889
7584|400498|0.388888888889
7584|552593|0.388888888889
7584|559417|0.388888888889
7584|643656|0.0
7584|596137|0.388888888889
7584|460619|0.388888888889
7584|153453|0.388888888889
7584|575717|0.388888888889
7584|605492|0.384615384615
7584|593018|0.388888888889
7584|655012|0.388888888889
7584|273787|0.388888888889
7584|191818|0.0
7584|148349|0.388888888889
7584|254209|0.388888888889
7584|356327|0.388888888889
7584|165797|0.388888888889
7584|204223|0.388888888889
7584|603372|0.388888888889
7584|788048|0.388888888889
7584|29521|0.450980392157
7584|553756|0.450980392157
7584|338571|0.0
7584|74060|0.388888888889
7584|252001|0.388888888889
7584|467209|0.388888888889
7584|449424|0.388888888889
7584|26728|0.388888888889
7584|651409|0.0
7584|100765|0.181818181818
7584|789012|0.388888888889
7584|25548|0.450980392157
7584|27986|0.388888888889
7584|820836|0.388888888889
7584|18035|0.388888888889
7584|58562|0.388888888889
7584|495771|0.388888888889
7584|164543|0.475409836066
7584|538422|0.388888888889
7584|453706|0.388888888889
7584|786377|0.388888888889
7584|134409|0.475409836066
7584|483668|0.388888888889
7584|115475|0.388888888889
7584|477135|0.388888888889
7584|494948|0.388888888889
7388|73331|0.0
7388|585078|0.0
7388|609078|0.0
7388|802119|0.0
7388|181396|0.0
7388|311657|0.0
7388|494639|0.0
7388|810750|0.0
7388|302180|0.0
7388|504864|0.0
7388|36478|0.0
7388|400838|0.0
7388|18149|0.0
7388|327047|0.0
7388|511105|0.0
7388|391217|0.0
7388|23191|0.0
7388|758718|0.0
7388|300069|0.0
7388|362033|0.0
7388|29416|0.0
7388|582217|0.0
7388|48202|0.0
7388|581672|0.0
7388|404327|0.0
7388|254273|0.0
7388|626052|0.0
7388|313754|0.0
7388|53354|0.0
7388|432448|0.0
7388|466724|0.0
7388|707905|0.0
7388|170234|0.0
7388|217815|0.0
7388|228860|0.0
7388|570462|0.0
7388|32267|0.0
7388|794138|0.0
7388|57164|0.0
7388|660767|0.0
7388|517590|0.0
7388|817420|0.0
7388|214150|0.0
7388|549212|0.0
7388|257772|0.0
7388|757349|0.0
7388|728577|0.0
7388|636517|0.0
7388|279905|0.0
7388|652487|0.0
7388|469994|0.758620689655
7388|209757|0.820512820513
7388|510865|0.820512820513
7388|483364|0.820512820513
7388|399123|0.846153846154
7388|56503|0.820512820513
7388|269086|0.846153846154
7388|716566|0.820512820513
7388|362516|0.411764705882
7388|680804|0.820512820513
7388|796740|0.840909090909
7388|235765|0.820512820513
7388|272620|0.844827586207
7388|696275|0.840909090909
7388|449938|0.318181818182
7388|126212|0.7
7388|789921|0.820512820513
7388|680130|0.854545454545
7388|710651|0.840909090909
7388|116606|0.820512820513
7388|268591|0.820512820513
7388|345925|0.820512820513
7388|573015|0.820512820513
7388|173085|0.857142857143
7388|156697|0.857142857143
7388|677768|0.820512820513
7388|19696|0.820512820513
7388|362362|0.820512820513
7388|292311|0.840909090909
7388|64042|0.840909090909
7388|23269|0.840909090909
7388|19510|0.820512820513
7388|675079|0.820512820513
7388|396138|0.840909090909
7388|55491|0.840909090909
7388|101904|0.820512820513
7388|470913|0.35
7388|309081|0.846153846154
7388|32400|0.714285714286
7388|691624|0.840909090909
7388|353760|0.7
7388|772415|0.790697674419
7388|780527|0.840909090909
7388|698352|0.820512820513
7388|124391|0.7
7388|360001|0.820512820513
7388|774097|0.820512820513
7388|139673|0.820512820513
7388|418867|0.840909090909
7388|294456|0.820512820513
7529|90395|0.592592592593
7529|290677|0.592592592593
7529|723876|0.592592592593
7529|91236|0.592592592593
7529|324600|0.592592592593
7529|91890|0.592592592593
7529|792351|0.523076923077
7529|422922|0.592592592593
7529|588968|0.592592592593
7529|254253|0.190476190476
7529|365637|0.592592592593
7529|277407|0.592592592593
7529|416430|0.592592592593
7529|33050|0.592592592593
7529|678844|0.592592592593
7529|362032|0.473684210526
7529|717688|0.592592592593
7529|452972|0.592592592593
7529|145805|0.592592592593
7529|178598|0.592592592593
7529|117783|0.592592592593
7529|62189|0.592592592593
7529|167808|0.592592592593
7529|259284|0.592592592593
7529|217811|0.592592592593
7529|483873|0.592592592593
7529|478062|0.473684210526
7529|253301|0.473684210526
7529|441227|0.592592592593
7529|461563|0.592592592593
7529|288397|0.592592592593
7529|764596|0.592592592593
7529|22562|0.473684210526
7529|357527|0.190476190476
7529|463543|0.137931034483
7529|220164|0.137931034483
7529|438764|0.473684210526
7529|590674|0.137931034483
7529|141378|0.523076923077
7529|540360|0.137931034483
7529|98382|0.473684210526
7529|529644|0.473684210526
7529|318941|0.473684210526
7529|380916|0.137931034483
7529|558923|0.137931034483
7529|725503|0.190476190476
7529|825766|0.190476190476
7529|409914|0.137931034483
7529|294254|0.0
7529|518308|0.137931034483
7529|784082|0.341463414634
7529|621382|0.55
7529|635090|0.4375
7529|357012|0.529411764706
7529|142656|0.333333333333
7529|489107|0.348837209302
7529|400915|0.341463414634
7529|674327|0.55
7529|794539|0.3
7529|690608|0.341463414634
7529|446502|0.388888888889
7529|501632|0.388888888889
7529|174835|0.541666666667
7529|581680|0.519230769231
7529|164744|0.529411764706
7529|525353|0.55
7529|826624|0.388888888889
7529|37066|0.55
7529|202334|0.488888888889
7529|579223|0.529411764706
7529|731500|0.388888888889
7529|622683|0.55
7529|699053|0.488888888889
7529|520989|0.519230769231
7529|337375|0.55
7529|170151|0.333333333333
7529|752489|0.3
7529|434342|0.131578947368
7529|772767|0.388888888889
7529|737787|0.55
7529|256188|0.4
7529|68225|0.55
7529|806203|0.388888888889
7529|656531|0.519230769231
7529|492088|0.541666666667
7529|794574|0.388888888889
7529|606385|0.388888888889
7529|709425|0.529411764706
7529|508098|0.388888888889
7529|375010|0.131578947368
7529|111786|0.4
7529|779916|0.3
7529|758376|0.341463414634
7529|720439|0.519230769231
7529|520407|0.333333333333
7529|218363|0.454545454545
7529|495470|0.488888888889
7529|615001|0.131578947368
7529|294254|0.3
7529|470560|0.488888888889
6045|90395|0.0
6045|290677|0.0
6045|723876|0.0
6045|91236|0.0
6045|324600|0.0
6045|91890|0.0
6045|422922|0.0
6045|588968|0.0
6045|365637|0.0
6045|277407|0.0
6045|416430|0.0
6045|33050|0.0
6045|678844|0.0
6045|717688|0.0
6045|452972|0.0
6045|145805|0.0
6045|178598|0.0
6045|117783|0.0
6045|62189|0.0
6045|167808|0.0
6045|259284|0.0
6045|217811|0.0
6045|483873|0.0
6045|441227|0.0
6045|461563|0.0
6045|288397|0.0
6045|764596|0.0
6045|187911|0.0
6045|424186|0.0
6045|305006|0.0
6045|585010|0.0
6045|484623|0.0
6045|369432|0.0
6045|242870|0.0
6045|732999|0.0
6045|256678|0.0
6045|347955|0.0
6045|758524|0.0
6045|94190|0.0
6045|272762|0.0
6045|519786|0.0
6045|634726|0.0
6045|128787|0.0
6045|466770|0.0
6045|274899|0.0
6045|403589|0.0
6045|12871|0.0
6045|443149|0.0
6045|751737|0.0
6045|401651|0.0
6045|364863|0.635514018692
6045|562384|0.760869565217
6045|278222|0.763636363636
6045|187493|0.763636363636
6045|218776|0.763636363636
6045|363600|0.763636363636
6045|155809|0.702479338843
6045|549692|0.763636363636
6045|467454|0.734693877551
6045|824907|0.724137931034
6045|564590|0.728070175439
6045|662980|0.686440677966
6045|94748|0.756097560976
6045|359889|0.756097560976
6045|8745|0.682242990654
6045|136437|0.702479338843
6045|640998|0.714285714286
6045|31350|0.724137931034
6045|619533|0.715447154472
6045|333098|0.0
6045|730208|0.756097560976
6045|755926|0.734693877551
6045|578375|0
6045|194342|0.686440677966
6045|264382|0.686440677966
6045|697326|0.681818181818
6045|617729|0.728070175439
6045|512216|0
6045|708117|0.734693877551
6045|158574|0.714285714286
6045|555443|0
6045|180326|0.729508196721
6045|453360|0.75
6045|250370|0.0
6045|494534|0.702479338843
6045|320202|0.686440677966
6045|563594|0.714285714286
6045|523572|0.760330578512
6045|641832|0.605263157895
6045|145447|0.681818181818
6045|573864|0.702479338843
6045|534265|0.702479338843
6045|367651|0.605263157895
6045|734652|0.681818181818
6045|705680|0.69387755102
6045|625418|0.681818181818
6045|680248|0.702479338843
6045|364246|0.69387755102
6045|385071|0.715447154472
6045|711009|0.734693877551
6486|701432|0.214285714286
6486|124337|0.214285714286
6486|722918|0.214285714286
6486|55469|0.214285714286
6486|266873|0.214285714286
6486|512276|0.214285714286
6486|208486|0.181818181818
6486|302055|0.214285714286
6486|295865|0.214285714286
6486|242722|0.214285714286
6486|260278|0.214285714286
6486|214237|0.214285714286
6486|322866|0.181818181818
6486|35637|0.214285714286
6486|496184|0.214285714286
6486|707495|0.214285714286
6486|536062|0.214285714286
6486|369113|0.214285714286
6486|537798|0.214285714286
6486|83254|0.214285714286
6486|579182|0.214285714286
6486|682792|0.214285714286
6486|513410|0.214285714286
6486|619211|0.214285714286
6486|87768|0.214285714286
6486|167189|0.214285714286
6486|397514|0.214285714286
6486|709086|0.214285714286
6486|360245|0.214285714286
6486|744434|0.214285714286
6486|463213|0.214285714286
6486|211911|0.214285714286
6486|716526|0.131147540984
6486|767909|0.214285714286
6486|506800|0.214285714286
6486|552197|0.214285714286
6486|607018|0.181818181818
6486|455056|0.181818181818
6486|263794|0.181818181818
6486|593990|0.181818181818
6486|340036|0.181818181818
6486|137163|0.181818181818
6486|701722|0.181818181818
6486|792111|0.181818181818
6486|91146|0.181818181818
6486|818888|0.181818181818
6486|152679|0.181818181818
6486|764523|0.131147540984
6486|814833|0.181818181818
6486|559110|0.181818181818
6486|265225|0.440677966102
6486|807585|0.440677966102
6486|736660|0.268292682927
6486|798943|0.548387096774
6486|482847|0.548387096774
6486|128936|0.548387096774
6486|505750|0.548387096774
6486|244996|0.441860465116
6486|452895|0.441860465116
6486|509553|0.515151515152
6486|55677|0.515151515152
6486|373651|0.527272727273
6486|58315|0.514285714286
6486|426959|0.5
6486|800053|0.548387096774
6486|386035|0.514285714286
6486|502686|0.440677966102
6486|395088|0.548387096774
6486|328356|0.548387096774
6486|199329|0.548387096774
6486|82191|0.548387096774
6486|201247|0.548387096774
6486|305903|0.548387096774
6486|261525|0.514285714286
6486|206581|0.548387096774
6486|251012|0.515151515152
6486|612603|0.404255319149
6486|353662|0.268292682927
6486|364474|0.34
6486|161267|0.440677966102
6486|211403|0.441860465116
6486|330049|0.440677966102
6486|529601|0.527272727273
6486|341880|0.514285714286
6486|722947|0.440677966102
6486|137795|0.514285714286
6486|503515|0.414634146341
6486|85598|0.440677966102
6486|322976|0.268292682927
6486|213141|0.53125
6486|680099|0.527272727273
6486|400331|0.533333333333
6486|126062|0.514285714286
6486|595661|0.514285714286
6486|30058|0.404255319149
6486|266815|0.440677966102
6486|700444|0.514285714286
6486|232307|0.5
6486|641549|0.404255319149
6486|74647|0.527272727273
6667|507950|0.0
6667|25787|0.294117647059
6667|538836|0.294117647059
6667|828505|0.294117647059
6667|9926|0.309523809524
6667|396008|0.294117647059
6667|93944|0.408163265306
6667|343473|0.294117647059
6667|285353|0.294117647059
6667|191211|0.294117647059
6667|746989|0.294117647059
6667|454905|0.294117647059
6667|591223|0.294117647059
6667|699398|0.653846153846
6667|669817|0.294117647059
6667|819314|0.0
6667|125123|0.652173913043
6667|327573|0.309523809524
6667|806546|0.653846153846
6667|238008|0.294117647059
6667|616155|0.653846153846
6667|197712|0.294117647059
6667|489478|0.294117647059
6667|112387|0.653846153846
6667|57473|0.294117647059
6667|308965|0.294117647059
6667|377395|0.653846153846
6667|784350|0.294117647059
6667|82461|0.653846153846
6667|198263|0.652173913043
6667|443974|0.0
6667|169553|0.294117647059
6667|821487|0.652173913043
6667|150215|0.652173913043
6667|204959|0.653846153846
6667|332569|0.294117647059
6667|206577|0.294117647059
6667|136293|0.653846153846
6667|640605|0.0
6667|439638|0.652173913043
6667|777038|0.0
6667|648229|0.294117647059
6667|405914|0.0
6667|42071|0.294117647059
6667|191114|0.294117647059
6667|702350|0.294117647059
6667|553661|0.294117647059
6667|684523|0.294117647059
6667|697016|0.294117647059
6667|400575|0.294117647059
6667|507950|0.0
6667|731957|0.641025641026
6667|41208|0.641025641026
6667|317306|0.333333333333
6667|310883|0.641025641026
6667|43522|0.641025641026
6667|693332|0.641025641026
6667|798242|0.641025641026
6667|600014|0.413793103448
6667|515839|0.514285714286
6667|340497|0.641025641026
6667|376487|0.514285714286
6667|172999|0.641025641026
6667|660024|0.413793103448
6667|555168|0.413793103448
6667|426338|0.641025641026
6667|19771|0.514285714286
6667|127821|0.641025641026
6667|48797|0.641025641026
6667|141053|0.641025641026
6667|747136|0.641025641026
6667|759255|0.641025641026
6667|633075|0.585365853659
6667|661001|0.333333333333
6667|349678|0.514285714286
6667|565531|0.514285714286
6667|739306|0.413793103448
6667|206270|0.641025641026
6667|384783|0.641025641026
6667|633056|0.585365853659
6667|634672|0.514285714286
6667|167818|0.333333333333
6667|365862|0.514285714286
6667|646684|0.514285714286
6667|520824|0.333333333333
6667|45923|0.514285714286
6667|117360|0.514285714286
6667|553632|0.514285714286
6667|446531|0.333333333333
6667|637032|0.585365853659
6667|375234|0.214285714286
6667|703907|0.514285714286
6667|43674|0.514285714286
6667|640605|0.0
6667|425146|0.514285714286
6667|331723|0.413793103448
6667|328103|0.585365853659
6667|402560|0.0434782608696
6667|143583|0.514285714286
6667|601276|0.555555555556
8649|510320|0.0
8649|245429|0.0
8649|758874|0.0
8649|385445|0.0
8649|564302|0.0
8649|655840|0.0
8649|119149|0.0
8649|830209|0.0
8649|477581|0.0
8649|601692|0.0
8649|754559|0.0
8649|368188|0.0
8649|534992|0.0
8649|33876|0.0
8649|76888|0.0
8649|470007|0.0
8649|491942|0.0
8649|39977|0.0
8649|507060|0.0
8649|159104|0.0
8649|808025|0.0
8649|426457|0.0
8649|705739|0.0
8649|778974|0.0
8649|232678|0.0
8649|17031|0.0
8649|691435|0.0
8649|101740|0.0
8649|431917|0.0
8649|712322|0.0
8649|61188|0.0
8649|420068|0.0
8649|300932|0.0
8649|88521|0.0
8649|76277|0.0
8649|660181|0.0
8649|460339|0.0
8649|619945|0.0
8649|790395|0.0
8649|622980|0.0
8649|649034|0.0
8649|135824|0.0
8649|95725|0.0
8649|14789|0.0
8649|293263|0.0
8649|185501|0.0
8649|598550|0.0
8649|555199|0.0
8649|84249|0.0
8649|129995|0.0
8649|538836|0.333333333333
8649|594209|0.333333333333
8649|555371|0.333333333333
8649|133806|0.333333333333
8649|261089|0.333333333333
8649|69815|0.333333333333
8649|508349|0.333333333333
8649|297681|0.333333333333
8649|156334|0.333333333333
8649|382954|0.333333333333
8649|129939|0.333333333333
8649|562051|0.333333333333
8649|283367|0.333333333333
8649|415310|0.333333333333
8649|535855|0.333333333333
8649|426398|0.333333333333
8649|802915|0.225806451613
8649|504126|0.333333333333
8649|349739|0.333333333333
8649|351201|0.225806451613
8649|814021|0.333333333333
8649|122156|0.333333333333
8649|269597|0.333333333333
8649|511569|0.225806451613
8649|88706|0.225806451613
8649|72274|0.333333333333
8649|448866|0.333333333333
8649|805725|0.333333333333
8649|476213|0.333333333333
8649|674881|0.0
8649|671699|0.333333333333
8649|97148|0.333333333333
8649|775571|0.333333333333
8649|743252|0.333333333333
8649|760319|0.225806451613
8649|340616|0.225806451613
8649|68494|0.25
8649|674391|0.225806451613
8649|300932|0.0
8649|136157|0.225806451613
8649|195444|0.225806451613
8649|214729|0.225806451613
8649|711076|0.225806451613
8649|506281|0.225806451613
8649|125294|0.225806451613
8649|815241|0.225806451613
8649|109504|0.25
8649|721690|0.225806451613
8649|248919|0.25
8649|190914|0.225806451613
8177|351699|0.0
8177|23715|0.0
8177|455654|0.0
8177|374558|0.0
8177|325213|0.0
8177|589622|0.0
8177|710561|0.0
8177|524298|0.0
8177|318980|0.0
8177|688784|0.0
8177|732931|0.0
8177|145715|0.0
8177|152683|0.0
8177|408822|0.0
8177|191867|0.0
8177|22469|0.0
8177|421655|0.0
8177|444273|0.0
8177|631846|0.0
8177|90634|0.0
8177|794216|0.0
8177|354014|0.0
8177|519423|0.0
8177|120703|0.0
8177|390507|0.0
8177|132051|0.0
8177|37260|0.0
8177|577900|0.0
8177|651458|0.0
8177|535604|0.0
8177|630446|0.0
8177|159749|0.0
8177|708315|0.0
8177|528899|0.0
8177|214214|0.0
8177|319544|0.0
8177|640697|0.0
8177|587255|0.0
8177|60729|0.0
8177|102064|0.0
8177|680965|0.0
8177|398717|0.0
8177|419102|0.0
8177|306480|0.0
8177|486943|0.0
8177|482067|0.0
8177|287789|0.0
8177|264840|0.0
8177|185136|0.0
8177|664505|0.0
8177|537432|0.48
8177|466641|0.590163934426
8177|415578|0.48
8177|562944|0.512820512821
8177|824864|0.512820512821
8177|179033|0.590163934426
8177|497235|0.512820512821
8177|715867|0.48
8177|343127|0.512820512821
8177|349651|0.577777777778
8177|536484|0.590163934426
8177|481639|0.564102564103
8177|662255|0.590163934426
8177|320800|0.526315789474
8177|228318|0.48
8177|526899|0.48
8177|814929|0.590163934426
8177|676479|0.48
8177|825396|0.48
8177|133657|0.48
8177|20369|0.590163934426
8177|313902|0.512820512821
8177|828071|0.512820512821
8177|779353|0.512820512821
8177|302912|0.512820512821
8177|208699|0.590163934426
8177|386632|0.48
8177|621192|0.590163934426
8177|138548|0.512820512821
8177|439884|0.526315789474
8177|355829|0.48
8177|653928|0.590163934426
8177|134474|0.48
8177|745390|0.581818181818
8177|421566|0.518518518519
8177|766371|0.590163934426
8177|616224|0.48
8177|455843|0.48
8177|597590|0.487179487179
8177|199825|0.512820512821
8177|394517|0.48
8177|715533|0.48
8177|639137|0.526315789474
8177|125672|0.577777777778
8177|708935|0.48
8177|544023|0.518518518519
8177|169968|0.48
8177|804524|0.48
8177|431194|0.512820512821
8177|385604|0.526315789474
6028|351699|0.0
6028|23715|0.0
6028|455654|0.0
6028|374558|0.0
6028|325213|0.0
6028|589622|0.0
6028|710561|0.0
6028|524298|0.0
6028|318980|0.0
6028|688784|0.0
6028|732931|0.0
6028|145715|0.0
6028|152683|0.0
6028|408822|0.0
6028|191867|0.0
6028|22469|0.0
6028|421655|0.0
6028|444273|0.0
6028|631846|0.0
6028|90634|0.0
6028|794216|0.0
6028|354014|0.0
6028|519423|0.0
6028|120703|0.0
6028|390507|0.0
6028|132051|0.0
6028|37260|0.0
6028|577900|0.0
6028|651458|0.0
6028|535604|0.0
6028|630446|0.0
6028|159749|0.0
6028|708315|0.0
6028|528899|0.0
6028|214214|0.0
6028|319544|0.0
6028|640697|0.0
6028|587255|0.0
6028|60729|0.0
6028|102064|0.0
6028|680965|0.0
6028|398717|0.0
6028|419102|0.0
6028|306480|0.0
6028|486943|0.0
6028|482067|0.0
6028|287789|0.0
6028|264840|0.0
6028|185136|0.0
6028|664505|0.0
6028|533211|0.798850574713
6028|667006|0.798850574713
6028|821681|0.767441860465
6028|402277|0.82119205298
6028|512276|0.798850574713
6028|405188|0.798850574713
6028|237812|0.798850574713
6028|599962|0.767441860465
6028|399842|0.798850574713
6028|317445|0.798850574713
6028|79120|0.798850574713
6028|305006|0.798850574713
6028|468618|0.807692307692
6028|658487|0.798850574713
6028|449087|0.818181818182
6028|346944|0.798850574713
6028|391464|0.798850574713
6028|595481|0.82119205298
6028|296052|0.707792207792
6028|58134|0.798850574713
6028|529818|0.798850574713
6028|589958|0.818181818182
6028|595241|0.798850574713
6028|525789|0.798850574713
6028|805948|0.798850574713
6028|293782|0.798850574713
6028|195268|0.798850574713
6028|591924|0.488888888889
6028|41511|0.798850574713
6028|618074|0.782222222222
6028|800483|0.798850574713
6028|283376|0.707792207792
6028|216954|0.798850574713
6028|795095|0.798850574713
6028|327482|0.798850574713
6028|240657|0.798850574713
6028|414158|0.798850574713
6028|529229|0.798850574713
6028|228466|0.798850574713
6028|269946|0.798850574713
6028|350326|0.798850574713
6028|363770|0.798850574713
6028|372552|0.798850574713
6028|818934|0.802721088435
6028|673970|0.798850574713
6028|41702|0.798850574713
6028|495493|0.798850574713
6028|718198|0.755555555556
6028|72812|0.798850574713
6028|57066|0.795698924731
7882|128116|0.940860215054
7882|612816|0.940860215054
7882|119006|0.938325991189
7882|635297|0.941704035874
7882|625052|0.943722943723
7882|629156|0.940860215054
7882|626876|0.928143712575
7882|71576|0.940860215054
7882|155964|0.928934010152
7882|404229|0.940860215054
7882|114541|0.777777777778
7882|242048|0.945273631841
7882|182649|0.926940639269
7882|768912|0.945054945055
7882|665950|0.940860215054
7882|755476|0.940860215054
7882|784952|0.945273631841
7882|557093|0.944444444444
7882|351706|0.941422594142
7882|272813|0.940959409594
7882|243551|0.926940639269
7882|198553|0.941704035874
7882|364512|0.940860215054
7882|720407|0.939814814815
7882|22757|0.943722943723
7882|564543|0.940860215054
7882|697845|0.0
7882|184417|0.938325991189
7882|17203|0.926940639269
7882|576058|0.938325991189
7882|539033|0.904
7882|500036|0.945273631841
7882|429308|0.940860215054
7882|567667|0.928934010152
7882|251291|0.945054945055
7882|757496|0.939814814815
7882|268817|0.940860215054
7882|151136|0.938325991189
7882|801396|0.939814814815
7882|86158|0.941704035874
7882|38677|0.940074906367
7882|415487|0.926940639269
7882|781986|0.940860215054
7882|405969|0.945273631841
7882|558409|0.938325991189
7882|483273|0.940860215054
7882|487881|0.940860215054
7882|596864|0.928934010152
7882|356355|0.940860215054
7882|497017|0.940860215054
7882|248098|0.75
7882|800924|0.753623188406
7882|233519|0.74025974026
7882|67628|0.767857142857
7882|209775|0.753623188406
7882|346190|0.753623188406
7882|587866|0.753623188406
7882|145951|0.753623188406
7882|764774|0.753623188406
7882|36759|0.770833333333
7882|657091|0.753623188406
7882|561609|0.566037735849
7882|141684|0.595744680851
7882|55852|0.753623188406
7882|211179|0.677419354839
7882|274727|0.16
7882|400329|0.595744680851
7882|201113|0.753623188406
7882|569895|0.753623188406
7882|412431|0.677419354839
7882|587766|0.595744680851
7882|608446|0.74025974026
7882|697845|0.0
7882|477545|0.753623188406
7882|557573|0.719101123596
7882|625224|0.75
7882|295616|0.595744680851
7882|338510|0.774193548387
7882|86508|0.16
7882|659345|0.767857142857
7882|633379|0.767857142857
7882|338156|0.696428571429
7882|305216|0.753623188406
7882|290520|0.753623188406
7882|817371|0.595744680851
7882|500377|0.688888888889
7882|595186|0.16
7882|47505|0.595744680851
7882|482101|0.753623188406
7882|85595|0.753623188406
7882|441815|0.595744680851
7882|238438|0.753623188406
7882|325908|0.753623188406
7882|235246|0.677419354839
7882|379411|0.696428571429
7882|156664|0.595744680851
7882|708919|0.753623188406
7882|493562|0.753623188406
7882|483647|0.753623188406
7882|185453|0.753623188406
8661|109097|0.277777777778
8661|740439|0.277777777778
8661|110379|0.277777777778
8661|31740|0.0
8661|119588|0.208333333333
8661|462469|0.208333333333
8661|166601|0.277777777778
8661|190445|0.192307692308
8661|477486|0.277777777778
8661|175489|0.277777777778
8661|660369|0.277777777778
8661|598225|0.277777777778
8661|110073|0.277777777778
8661|63235|0.277777777778
8661|560242|0.277777777778
8661|479920|0.277777777778
8661|497346|0.208333333333
8661|733290|0.208333333333
8661|499159|0.277777777778
8661|557388|0.208333333333
8661|285279|0.277777777778
8661|239833|0.277777777778
8661|568297|0.277777777778
8661|687152|0.277777777778
8661|249973|0.277777777778
8661|63610|0.277777777778
8661|330008|0.277777777778
8661|824530|0.277777777778
8661|568082|0.192307692308
8661|464351|0.277777777778
8661|55737|0.208333333333
8661|806360|0.277777777778
8661|659360|0.277777777778
8661|203682|0.277777777778
8661|138526|0.277777777778
8661|738362|0.277777777778
8661|145900|0.277777777778
8661|664314|0.0925925925926
8661|322511|0.208333333333
8661|106585|0.208333333333
8661|163051|0.192307692308
8661|503436|0.208333333333
8661|262436|0.192307692308
8661|474991|0.192307692308
8661|200466|0.208333333333
8661|781099|0.0
8661|793978|0.0925925925926
8661|460241|0.208333333333
8661|173580|0.208333333333
8661|36051|0.0925925925926
8661|469994|0.8
8661|209757|0.867924528302
8661|382937|0.857142857143
8661|31740|0.0
8661|510865|0.867924528302
8661|304381|0.87323943662
8661|483364|0.867924528302
8661|56503|0.867924528302
8661|716566|0.867924528302
8661|362516|0.411764705882
8661|680804|0.867924528302
8661|771818|0.275862068966
8661|235765|0.867924528302
8661|789921|0.867924528302
8661|828560|0.53125
8661|649633|0.857142857143
8661|116606|0.867924528302
8661|268591|0.867924528302
8661|345925|0.867924528302
8661|394606|0.85
8661|211890|0.670454545455
8661|573015|0.867924528302
8661|75463|0.857142857143
8661|830687|0.857142857143
8661|677768|0.867924528302
8661|200127|0.857142857143
8661|19696|0.867924528302
8661|384697|0.596153846154
8661|326760|0.857142857143
8661|362362|0.867924528302
8661|19510|0.867924528302
8661|675079|0.867924528302
8661|101904|0.867924528302
8661|312495|0.876923076923
8661|829133|0.811320754717
8661|32400|0.739130434783
8661|516879|0.530612244898
8661|436043|0.530612244898
8661|772415|0.861538461538
8661|698352|0.867924528302
8661|10683|0.876923076923
8661|301693|0.864406779661
8661|512204|0.530612244898
8661|360001|0.867924528302
8661|274074|0.848837209302
8661|774097|0.867924528302
8661|139673|0.867924528302
8661|481596|0.530612244898
8661|282904|0.596153846154
8661|294456|0.867924528302
7176|351699|0.0
7176|23715|0.0
7176|455654|0.0
7176|374558|0.0
7176|325213|0.0
7176|589622|0.0
7176|710561|0.0
7176|524298|0.0
7176|318980|0.0
7176|688784|0.0
7176|732931|0.0
7176|145715|0.0
7176|152683|0.0
7176|408822|0.0
7176|191867|0.0
7176|22469|0.0
7176|421655|0.0
7176|444273|0.0
7176|631846|0.0
7176|90634|0.0
7176|794216|0.0
7176|354014|0.0
7176|519423|0.0
7176|120703|0.0
7176|390507|0.0
7176|132051|0.0
7176|37260|0.0
7176|577900|0.0
7176|651458|0.0
7176|535604|0.0
7176|630446|0.0
7176|159749|0.0
7176|708315|0.0
7176|528899|0.0
7176|214214|0.0
7176|319544|0.0
7176|640697|0.0
7176|587255|0.0
7176|60729|0.0
7176|102064|0.0
7176|680965|0.0
7176|398717|0.0
7176|419102|0.0
7176|306480|0.0
7176|486943|0.0
7176|482067|0.0
7176|287789|0.0
7176|264840|0.0
7176|185136|0.0
7176|664505|0.0
7176|260314|0.0
7176|413734|0.0
7176|73338|0.0
7176|361950|0.0
7176|508109|0.0
7176|461628|0.0
7176|497858|0.0
7176|317990|0.0
7176|405017|0.0
7176|64488|0.0
7176|305248|0.0
7176|515930|0.0
7176|257514|0.0
7176|480797|0.0
7176|108247|0.0
7176|299029|0.0
7176|470364|0.0
7176|578887|0.0
7176|795625|0.0
7176|441267|0.0
7176|205606|0.0
7176|95199|0.0
7176|392790|0.0
7176|158270|0.0
7176|736640|0.0
7176|23271|0.0
7176|519423|0.0
7176|774118|0.0
7176|110159|0.0
7176|20676|0.0
7176|203699|0.0
7176|661071|0.0
7176|762060|0.0
7176|771029|0.0
7176|65790|0.0
7176|179892|0.0
7176|453229|0.0
7176|367380|0.0
7176|459452|0.0
7176|232564|0.0
7176|523706|0.0
7176|718259|0.0
7176|82219|0.0
7176|106937|0.0
7176|737428|0.0
7176|195689|0.0
7176|306481|0.0
7176|720073|0.0
7176|109023|0.0
7176|746596|0.0
7850|351699|0.0
7850|23715|0.0
7850|455654|0.0
7850|374558|0.0
7850|325213|0.0
7850|589622|0.0
7850|710561|0.0
7850|524298|0.0
7850|318980|0.0
7850|688784|0.0
7850|732931|0.0
7850|145715|0.0
7850|152683|0.0
7850|408822|0.0
7850|191867|0.0
7850|22469|0.0
7850|421655|0.0
7850|444273|0.0
7850|631846|0.0
7850|90634|0.0
7850|794216|0.0
7850|354014|0.0
7850|519423|0.0
7850|120703|0.0
7850|390507|0.0
7850|132051|0.0
7850|37260|0.0
7850|577900|0.0
7850|651458|0.0
7850|535604|0.0
7850|630446|0.0
7850|159749|0.0
7850|708315|0.0
7850|528899|0.0
7850|214214|0.0
7850|319544|0.0
7850|640697|0.0
7850|587255|0.0
7850|60729|0.0
7850|102064|0.0
7850|680965|0.0
7850|398717|0.0
7850|419102|0.0
7850|306480|0.0
7850|486943|0.0
7850|482067|0.0
7850|287789|0.0
7850|264840|0.0
7850|185136|0.0
7850|664505|0.0
7850|374558|0.0
7850|744852|0.682926829268
7850|415609|0.675324675325
7850|328077|0.574074074074
7850|10633|0.0
7850|798463|0
7850|298197|0.666666666667
7850|459802|0
7850|78589|0.671052631579
7850|391460|0.571428571429
7850|481218|0
7850|228236|0.688524590164
7850|77911|0.692307692308
7850|537777|0.676470588235
7850|240474|0.507462686567
7850|783868|0
7850|523800|0.674418604651
7850|134346|0.6
7850|430009|0.571428571429
7850|619867|0.525423728814
7850|767415|0.0
7850|453011|0.515625
7850|512781|0.670212765957
7850|493424|0.638554216867
7850|606980|0.344827586207
7850|213906|0.6
7850|46554|0.574074074074
7850|64645|0.535714285714
7850|212553|0.662790697674
7850|748302|0.571428571429
7850|178583|0.0
7850|713540|0.0
7850|113937|0.691358024691
7850|659008|0.638554216867
7850|648541|0.674418604651
7850|794799|0.533333333333
7850|265280|0.661538461538
7850|208961|0.688524590164
7850|262127|0.653846153846
7850|587802|0.650602409639
7850|553295|0.344827586207
7850|710597|0.674418604651
7850|243337|0.571428571429
7850|259072|0.535714285714
7850|462071|0.662790697674
7850|87777|0.691489361702
7850|372790|0.612244897959
7850|404616|0.571428571429
7850|674707|0.688524590164
7850|228647|0.682926829268
6666|233014|0.0
6666|510247|0.0
6666|536043|0.0
6666|550857|0.0
6666|801720|0.0
6666|220541|0.0
6666|93399|0.0
6666|519789|0.0
6666|432700|0.0
6666|369417|0.0
6666|269191|0.0
6666|341778|0.0
6666|413172|0.0
6666|424852|0.0
6666|111792|0.0
6666|662578|0.0
6666|25799|0.0
6666|548610|0.0
6666|491824|0.0
6666|63075|0.0
6666|698779|0.0
6666|702087|0.0
6666|605063|0.0
6666|477360|0.0
6666|90741|0.0
6666|323638|0.0
6666|20322|0.0
6666|299941|0.0
6666|426650|0.0
6666|382329|0.0
6666|806308|0.0
6666|820504|0.0
6666|789735|0.0
6666|628550|0.0
6666|402422|0.0
6666|205664|0.0
6666|126695|0.0
6666|832705|0.0
6666|338614|0.0
6666|376279|0.0
6666|24859|0.0
6666|538488|0.0
6666|538689|0.0
6666|623443|0.0
6666|107857|0.0
6666|810325|0.0
6666|26308|0.0
6666|162671|0.0
6666|777018|0.0
6666|591317|0.0
6666|820750|0.25
6666|266555|0.25
6666|147082|0.176470588235
6666|281016|0.176470588235
6666|629852|0.0
6666|541868|0.0
6666|554457|0.176470588235
6666|51263|0.176470588235
6666|486463|0.0
6666|455817|0.176470588235
6666|764139|0.176470588235
6666|562532|0.176470588235
6666|44595|0.176470588235
6666|71763|0.176470588235
6666|135793|0.0
6666|54502|0.176470588235
6666|214383|0.176470588235
6666|760673|0.0
6666|706202|0.0
6666|529056|0.176470588235
6666|128381|0.176470588235
6666|575160|0.0
6666|261613|0.176470588235
6666|335340|0.0
6666|252900|0.176470588235
6666|207741|0.0
6666|12359|0.0
6666|105528|0.176470588235
6666|503387|0.0
6666|619703|0.176470588235
6666|341959|0.176470588235
6666|300515|0.176470588235
6666|516160|0.176470588235
6666|693286|0.176470588235
6666|312121|0.176470588235
6666|10443|0.176470588235
6666|98119|0.176470588235
6666|630832|0.0
6666|251608|0.176470588235
6666|24070|0.0
6666|683404|0.176470588235
6666|28097|0.176470588235
6666|567573|0.0
6666|335239|0.0
6666|11639|0.0
6666|579152|0.0
6666|675540|0.176470588235
6666|334772|0.176470588235
6666|260895|0.0
6666|671729|0.176470588235
8106|497858|0.0
8106|315075|0.0
8106|562926|0.0
8106|222197|0.0
8106|359785|0.0
8106|777677|0.0
8106|513991|0.0
8106|671249|0.0
8106|531693|0.0
8106|552914|0.0
8106|546194|0.0
8106|314571|0.0
8106|717459|0.0
8106|328901|0.0
8106|546904|0.0
8106|512584|0.0
8106|805864|0.0
8106|427296|0.0
8106|494269|0.0
8106|777560|0.0
8106|236184|0.0
8106|200159|0.0
8106|761483|0.0
8106|309460|0.0
8106|188947|0.0
8106|430412|0.0
8106|141790|0.0
8106|450654|0.0
8106|135671|0.0
8106|659980|0.0
8106|771351|0.0
8106|675626|0.0
8106|694575|0.0
8106|614025|0.0
8106|12104|0.0
8106|348380|0.0
8106|161319|0.0
8106|91655|0.0
8106|47824|0.0
8106|551210|0.0
8106|480363|0.0
8106|321364|0.0
8106|722553|0.0
8106|489241|0.0
8106|581960|0.0
8106|381636|0.0
8106|59586|0.0
8106|636218|0.0
8106|144812|0.0
8106|751057|0.0
8106|201278|0.0
8106|231344|0.0
8106|805141|0.650793650794
8106|127295|0.526315789474
8106|591094|0.697674418605
8106|520083|0.0
8106|406010|0.677685950413
8106|722574|0.697674418605
8106|694575|0.0
8106|434936|0.697674418605
8106|485130|0.697674418605
8106|8843|0.697674418605
8106|94190|0.0
8106|174176|0.697674418605
8106|751057|0.0
8106|795373|0.697674418605
8106|571036|0.697674418605
8106|753541|0.594059405941
8106|695805|0.697674418605
8106|458358|0.677685950413
8106|364370|0.0
8106|653574|0.0
8106|665609|0.650793650794
8106|24761|0.0
8106|379194|0.0
8106|299849|0.697674418605
8106|576783|0.697674418605
8106|494872|0.654320987654
8106|300250|0.526315789474
8106|394842|0.659090909091
8106|469751|0.697674418605
8106|716297|0.697674418605
8106|230287|0.650793650794
8106|259973|0.697674418605
8106|28375|0.697674418605
8106|627781|0.0
8106|273324|0.0
8106|93935|0.0
8106|684588|0.584269662921
8106|263959|0.526315789474
8106|158810|0.0
8106|792717|0.526315789474
8106|402973|0.650793650794
8106|219974|0.0
8106|121167|0.663461538462
8106|527007|0.0
8106|89637|0.63829787234
8106|292993|0.0
8106|354776|0.540983606557
8106|738177|0.0
8430|497858|0.0
8430|315075|0.0
8430|562926|0.0
8430|222197|0.0
8430|359785|0.0
8430|777677|0.0
8430|513991|0.0
8430|671249|0.0
8430|531693|0.0
8430|552914|0.0
8430|546194|0.0
8430|314571|0.0
8430|717459|0.0
8430|328901|0.0
8430|546904|0.0
8430|512584|0.0
8430|805864|0.0
8430|427296|0.0
8430|494269|0.0
8430|777560|0.0
8430|236184|0.0
8430|200159|0.0
8430|761483|0.0
8430|309460|0.0
8430|188947|0.0
8430|430412|0.0
8430|141790|0.0
8430|450654|0.0
8430|135671|0.0
8430|659980|0.0
8430|771351|0.0
8430|675626|0.0
8430|694575|0.0
8430|614025|0.0
8430|12104|0.0
8430|348380|0.0
8430|161319|0.0
8430|91655|0.0
8430|47824|0.0
8430|551210|0.0
8430|480363|0.0
8430|321364|0.0
8430|722553|0.0
8430|489241|0.0
8430|581960|0.0
8430|381636|0.0
8430|59586|0.0
8430|636218|0.0
8430|144812|0.0
8430|751057|0.0
8430|562094|0.178571428571
8430|156499|0.540540540541
8430|209757|0.742857142857
8430|482068|0.178571428571
8430|510865|0.742857142857
8430|483364|0.742857142857
8430|768138|0.720930232558
8430|56503|0.742857142857
8430|378935|0.540540540541
8430|716566|0.742857142857
8430|771351|0.0
8430|236037|0.540540540541
8430|680804|0.742857142857
8430|722553|0.0
8430|74860|0.540540540541
8430|584748|0.540540540541
8430|467786|0.540540540541
8430|375543|0.540540540541
8430|145689|0.720930232558
8430|353696|0.113636363636
8430|285251|0.507246376812
8430|541306|0.540540540541
8430|79314|0.178571428571
8430|289165|0.740740740741
8430|305713|0.178571428571
8430|256410|0.507246376812
8430|48019|0.507246376812
8430|749007|0.540540540541
8430|365061|0.277777777778
8430|525626|0.540540540541
8430|256294|0.507246376812
8430|132695|0.178571428571
8430|32814|0.540540540541
8430|680951|0.540540540541
8430|757088|0.720930232558
8430|26146|0.540540540541
8430|326536|0.178571428571
8430|360256|0.540540540541
8430|431536|0.178571428571
8430|702546|0.540540540541
8430|53395|0.720930232558
8430|458298|0.178571428571
8430|384143|0.178571428571
8430|183747|0.178571428571
8430|390323|0.540540540541
8430|476148|0.178571428571
8430|266355|0.178571428571
8430|298039|0.540540540541
8430|10366|0.540540540541
8430|123592|0.178571428571
7702|532442|0.0
7702|821432|0.0
7702|22190|0.0
7702|826795|0.0
7702|161715|0.0
7702|282922|0.0
7702|43451|0.0
7702|649028|0.0
7702|517154|0.0
7702|555552|0.0
7702|514193|0.0
7702|211801|0.0
7702|38423|0.0
7702|623182|0.0
7702|167686|0.0
7702|370247|0.0
7702|421075|0.0
7702|362331|0.0
7702|263280|0.0
7702|427490|0.0
7702|371228|0.0
7702|834193|0.0
7702|472845|0.0
7702|696033|0.0
7702|822117|0.0
7702|253316|0.0
7702|504301|0.0
7702|545458|0.0
7702|529867|0.0
7702|739031|0.0
7702|368901|0.0
7702|122958|0.0
7702|197307|0.0
7702|389051|0.0
7702|538814|0.0
7702|822910|0.0
7702|513570|0.0
7702|513575|0.0
7702|299002|0.0
7702|67449|0.0
7702|818276|0.0
7702|812851|0.0
7702|211391|0.0
7702|85943|0.0
7702|304755|0.0
7702|237793|0.0
7702|600993|0.0
7702|236187|0.0
7702|623538|0.0
7702|289318|0.0
7702|593555|0.0
7702|747508|0.0
7702|153397|0.0
7702|737007|0.0
7702|750453|0.0
7702|273010|0.0
7702|298012|0.0
7702|706378|0.0
7702|57521|0.0
7702|144724|0.0
7702|59012|0.0
7702|382256|0.0
7702|726383|0.0
7702|353273|0.0
7702|29711|0.0
7702|455773|0.0
7702|415149|0.0
7702|575079|0.0
7702|561065|0.0
7702|434873|0.0
7702|752982|0.0
7702|608381|0.0
7702|680963|0.0
7702|830026|0.0
7702|508626|0.0
7702|808768|0.0
7702|305223|0.0
7702|323603|0.0
7702|266969|0.0
7702|632896|0.0
7702|132067|0.0
7702|86239|0.0
7702|335688|0.0
7702|553003|0.0
7702|399488|0.0
7702|501318|0.0
7702|641025|0.0
7702|710454|0.0
7702|369883|0.0
7702|654334|0.0
7702|722815|0.0
7702|159844|0.0
7702|596074|0.0
7702|826867|0.0
7702|618872|0.0
7702|17346|0.0
7702|284810|0.0
7702|827371|0.0
7702|239688|0.0
7702|469142|0.0
6768|532442|0.0
6768|821432|0.0
6768|22190|0.0
6768|826795|0.0
6768|161715|0.0
6768|282922|0.0
6768|43451|0.0
6768|649028|0.0
6768|517154|0.0
6768|555552|0.0
6768|514193|0.0
6768|211801|0.0
6768|38423|0.0
6768|623182|0.0
6768|167686|0.0
6768|370247|0.0
6768|421075|0.0
6768|362331|0.0
6768|263280|0.0
6768|427490|0.0
6768|371228|0.0
6768|834193|0.0
6768|472845|0.0
6768|696033|0.0
6768|822117|0.0
6768|253316|0.0
6768|504301|0.0
6768|545458|0.0
6768|529867|0.0
6768|739031|0.0
6768|368901|0.0
6768|122958|0.0
6768|197307|0.0
6768|389051|0.0
6768|538814|0.0
6768|822910|0.0
6768|513570|0.0
6768|513575|0.0
6768|299002|0.0
6768|67449|0.0
6768|818276|0.0
6768|812851|0.0
6768|211391|0.0
6768|85943|0.0
6768|304755|0.0
6768|237793|0.0
6768|600993|0.0
6768|236187|0.0
6768|623538|0.0
6768|289318|0.0
6768|250815|0.595744680851
6768|535136|0.564102564103
6768|215801|0.307692307692
6768|700425|0.59375
6768|147352|0.25
6768|270734|0.486486486486
6768|582877|0.566666666667
6768|720636|0.574468085106
6768|737949|0.307692307692
6768|497388|0.307692307692
6768|26618|0.307692307692
6768|524504|0.566666666667
6768|374496|0.575757575758
6768|772042|0.307692307692
6768|127761|0.307692307692
6768|387815|0.307692307692
6768|188015|0.574468085106
6768|714117|0.566666666667
6768|501113|0.307692307692
6768|96846|0.307692307692
6768|793717|0.595744680851
6768|389496|0.574468085106
6768|91730|0.307692307692
6768|335527|0.48275862069
6768|520410|0.566666666667
6768|108922|0.307692307692
6768|416654|0.193548387097
6768|439900|0.307692307692
6768|457423|0.307692307692
6768|800235|0.48275862069
6768|125746|0.5625
6768|829834|0.574468085106
6768|434666|0.307692307692
6768|696963|0.595744680851
6768|796936|0.574468085106
6768|482295|0.307692307692
6768|155819|0.545454545455
6768|328318|0.48275862069
6768|750951|0.48275862069
6768|561154|0.595744680851
6768|542618|0.566666666667
6768|709664|0.48275862069
6768|152154|0.56338028169
6768|225370|0.59375
6768|640249|0.574468085106
6768|825336|0.307692307692
6768|361934|0.307692307692
6768|696890|0.307692307692
6768|636494|0.553191489362
6768|498807|0.307692307692
6043|795645|0.0
6043|213608|0.0
6043|794933|0.0
6043|684343|0.0
6043|327882|0.0
6043|609212|0.0
6043|468214|0.0
6043|488907|0.0
6043|696859|0.0
6043|808036|0.0
6043|767486|0.0
6043|225238|0.0
6043|66786|0.0
6043|750925|0.0
6043|767388|0.0
6043|216493|0.0
6043|511193|0.0
6043|618195|0.0
6043|200590|0.0
6043|466076|0.0
6043|687150|0.0
6043|372000|0.0
6043|170282|0.0
6043|437157|0.0
6043|286737|0.0
6043|86233|0.0
6043|466180|0.0
6043|558548|0.0
6043|21037|0.0
6043|605327|0.0
6043|446427|0.0
6043|467340|0.0
6043|131938|0.0
6043|348038|0.0
6043|230474|0.0
6043|190245|0.0
6043|792251|0.0
6043|463886|0.0
6043|156303|0.0
6043|793606|0.0
6043|225880|0.0
6043|239422|0.0
6043|715210|0.0
6043|515782|0.0
6043|349246|0.0
6043|471602|0.0
6043|72071|0.0
6043|192434|0.0
6043|12776|0.0
6043|526730|0.0
6043|202520|0.0
6043|718584|0.0
6043|227799|0.0
6043|573365|0.0
6043|446296|0.0
6043|760073|0.0
6043|287801|0.0
6043|609070|0.0
6043|79506|0.0
6043|419873|0.0
6043|504444|0.0
6043|811447|0.0
6043|551137|0.0
6043|551134|0.0
6043|160701|0.0
6043|96554|0.0
6043|597803|0.0
6043|766734|0.0
6043|119104|0.0
6043|44445|0.0
6043|62398|0.0
6043|587319|0.0
6043|795620|0.0
6043|625253|0.0
6043|577601|0.0
6043|342715|0.0
6043|200631|0.0
6043|329369|0.0
6043|466645|0.0
6043|709925|0.0
6043|379722|0.0
6043|676385|0.0
6043|768054|0.0
6043|730379|0.0
6043|320538|0.0
6043|135971|0.0
6043|817307|0.0
6043|772028|0.0
6043|617759|0.0
6043|430672|0.0
6043|195783|0.0
6043|342936|0.0
6043|777092|0.0
6043|136999|0.0
6043|344846|0.0
6043|353651|0.0
6043|325112|0.0
6043|723674|0.0
6043|812599|0.0
6043|471384|0.0
6077|532442|0.0
6077|821432|0.0
6077|22190|0.0
6077|826795|0.0
6077|161715|0.0
6077|282922|0.0
6077|43451|0.0
6077|649028|0.0
6077|517154|0.0
6077|555552|0.0
6077|514193|0.0
6077|211801|0.0
6077|38423|0.0
6077|623182|0.0
6077|167686|0.0
6077|370247|0.0
6077|421075|0.0
6077|362331|0.0
6077|263280|0.0
6077|427490|0.0
6077|371228|0.0
6077|834193|0.0
6077|472845|0.0
6077|696033|0.0
6077|822117|0.0
6077|253316|0.0
6077|504301|0.0
6077|545458|0.0
6077|529867|0.0
6077|739031|0.0
6077|368901|0.0
6077|122958|0.0
6077|197307|0.0
6077|389051|0.0
6077|538814|0.0
6077|822910|0.0
6077|513570|0.0
6077|513575|0.0
6077|299002|0.0
6077|67449|0.0
6077|818276|0.0
6077|812851|0.0
6077|211391|0.0
6077|85943|0.0
6077|304755|0.0
6077|237793|0.0
6077|600993|0.0
6077|236187|0.0
6077|623538|0.0
6077|289318|0.0
6077|823266|0.638888888889
6077|786401|0.533333333333
6077|679914|0.638888888889
6077|492978|0.638888888889
6077|308440|0.631578947368
6077|579382|0.631578947368
6077|240027|0.647058823529
6077|389919|0.638888888889
6077|723699|0.533333333333
6077|248997|0.631578947368
6077|787225|0.5
6077|495907|0.647058823529
6077|458878|0.638888888889
6077|157339|0.638888888889
6077|831252|0.647058823529
6077|465532|0.631578947368
6077|631216|0.647058823529
6077|661022|0.647058823529
6077|640956|0.647058823529
6077|506047|0.647058823529
6077|44637|0.533333333333
6077|352278|0.5
6077|570619|0.533333333333
6077|606267|0.647058823529
6077|95248|0.631578947368
6077|521860|0.638888888889
6077|742999|0.476744186047
6077|479695|0.638888888889
6077|704640|0.647058823529
6077|207601|0.638888888889
6077|717196|0.5
6077|525425|0.631578947368
6077|503464|0.647058823529
6077|527963|0.647058823529
6077|85115|0.647058823529
6077|101373|0.647058823529
6077|140356|0.647058823529
6077|154779|0.611111111111
6077|306417|0.638888888889
6077|135549|0.638888888889
6077|576647|0.638888888889
6077|116614|0.392857142857
6077|504023|0.631578947368
6077|579279|0.647058823529
6077|663436|0.638888888889
6077|502749|0.533333333333
6077|554511|0.533333333333
6077|187220|0.533333333333
6077|147156|0.533333333333
6077|703402|0.638888888889
8313|521137|0.0
8313|517268|0.0
8313|17994|0.0
8313|103012|0.0
8313|627769|0.0
8313|10538|0.0
8313|742109|0.0
8313|45138|0.0
8313|778714|0.0
8313|583441|0.0
8313|266874|0.0
8313|755804|0.0
8313|99917|0.0
8313|52365|0.0
8313|682425|0.0
8313|500710|0.0
8313|334038|0.0
8313|529433|0.0
8313|668067|0.0
8313|491300|0.0
8313|590408|0.0
8313|452429|0.0
8313|636747|0.0
8313|706703|0.0
8313|74868|0.0
8313|305239|0.0
8313|710031|0.0
8313|547784|0.0
8313|69415|0.0
8313|383106|0.0
8313|402134|0.0
8313|823478|0.0
8313|599807|0.0
8313|250763|0.0
8313|544472|0.0
8313|376961|0.0
8313|491666|0.0
8313|331768|0.0
8313|159301|0.0
8313|429696|0.0
8313|735801|0.0
8313|160579|0.0
8313|686762|0.0
8313|570248|0.0
8313|752053|0.0
8313|608482|0.0
8313|375673|0.0
8313|422575|0.0
8313|50127|0.0
8313|673960|0.0
8313|24230|0.0909090909091
8313|479144|0.151515151515
8313|165014|0.151515151515
8313|591835|0.0
8313|216960|0.151515151515
8313|298556|0.151515151515
8313|244752|0.0
8313|378979|0.121212121212
8313|225159|0.0
8313|671020|0.151515151515
8313|671697|0.151515151515
8313|405697|0.151515151515
8313|388594|0.0
8313|744287|0.151515151515
8313|554253|0.121212121212
8313|57356|0.151515151515
8313|628195|0.151515151515
8313|813358|0.0
8313|704084|0.0
8313|501861|0.151515151515
8313|774060|0.151515151515
8313|439848|0.0
8313|36024|0.0909090909091
8313|245858|0.151515151515
8313|649353|0.151515151515
8313|83806|0.0
8313|372812|0.151515151515
8313|342869|0.151515151515
8313|23083|0.151515151515
8313|509895|0.121212121212
8313|406066|0.151515151515
8313|723064|0.0
8313|395722|0.151515151515
8313|113912|0.0
8313|90122|0.151515151515
8313|86046|0.151515151515
8313|384467|0.0
8313|150511|0.121212121212
8313|614265|0.121212121212
8313|636003|0.0
8313|494062|0.0
8313|157592|0.0
8313|530261|0.0
8313|427310|0.0
8313|251757|0.121212121212
8313|240935|0.0
8313|95829|0.121212121212
8313|744065|0.0
8313|748130|0.0
8313|349568|0.0
8147|135137|0.0
8147|11593|0.0
8147|65792|0.115384615385
8147|363870|0.153846153846
8147|763005|0.0
8147|65495|0.0
8147|631580|0.25
8147|716289|0.0
8147|666683|0.0
8147|440451|0.0
8147|406010|0.0
8147|56783|0.0
8147|369231|0.0
8147|532422|0.115384615385
8147|80396|0.0
8147|698000|0.0
8147|684949|0.153846153846
8147|742819|0.0
8147|31261|0.25
8147|611636|0.0
8147|274293|0.0
8147|321981|0.0
8147|833037|0.0
8147|331979|0.25
8147|824521|0.0
8147|533849|0.0
8147|818035|0.115384615385
8147|566216|0.115384615385
8147|767891|0.0
8147|351291|0.0
8147|204895|0.0
8147|646074|0.0
8147|135126|0.115384615385
8147|249000|0.0
8147|274212|0.0
8147|71148|0.153846153846
8147|280800|0.25
8147|32228|0.115384615385
8147|590416|0.0
8147|31133|0.0
8147|465760|0.153846153846
8147|37967|0.0
8147|328524|0.0
8147|208367|0.0
8147|542873|0.115384615385
8147|97460|0.0
8147|446902|0.0
8147|470098|0.0
8147|91390|0.0
8147|57837|0.0
8147|113025|0.759259259259
8147|44047|0.759259259259
8147|11215|0.759259259259
8147|118846|0.759259259259
8147|287167|0.759259259259
8147|24434|0.759259259259
8147|119162|0.759259259259
8147|480480|0.759259259259
8147|318449|0.0
8147|215922|0.646153846154
8147|301920|0.540540540541
8147|436717|0.759259259259
8147|85140|0.646153846154
8147|725955|0.637931034483
8147|102988|0.759259259259
8147|374496|0.724137931034
8147|576989|0.759259259259
8147|411688|0.74
8147|706765|0.759259259259
8147|334227|0.758064516129
8147|766569|0.759259259259
8147|558186|0.0
8147|84151|0.759259259259
8147|274293|0.746113989637
8147|385864|0.759259259259
8147|810418|0.759259259259
8147|216778|0.759259259259
8147|533849|0.746113989637
8147|507969|0.759259259259
8147|787270|0.759259259259
8147|196952|0.759259259259
8147|424625|0.759259259259
8147|767891|0.0
8147|549528|0.759259259259
8147|458683|0.759259259259
8147|773667|0.646153846154
8147|147283|0.646153846154
8147|167487|0.738461538462
8147|773899|0.74
8147|241189|0.646153846154
8147|352859|0.637931034483
8147|273201|0.637931034483
8147|177953|0.637931034483
8147|206399|0.637931034483
8147|799426|0.7
8147|518522|0.68085106383
8147|694972|0.68085106383
8147|569145|0.7
8147|707161|0.637931034483
8147|539905|0.646153846154
6564|278245|0.8125
6564|29073|0.8125
6564|193060|0.8125
6564|817462|0.8125
6564|775303|0.8125
6564|62399|0.8125
6564|636560|0.8125
6564|411106|0.8
6564|191869|0.8125
6564|447119|0.8125
6564|425925|0.8125
6564|593786|0.8125
6564|408281|0.8125
6564|629136|0.8125
6564|261550|0.8125
6564|612670|0.8125
6564|256724|0.8125
6564|310065|0.8125
6564|300660|0.8125
6564|479028|0.8125
6564|555438|0.8125
6564|607575|0.8125
6564|260512|0.8125
6564|663221|0.8125
6564|72219|0.680555555556
6564|765155|0.742857142857
6564|677585|0.742857142857
6564|290820|0.742857142857
6564|603471|0.8
6564|206094|0.0
6564|752583|0.369565217391
6564|119804|0.514285714286
6564|286033|0.8
6564|524501|0.0
6564|75698|0.742857142857
6564|451522|0.680555555556
6564|414033|0.8
6564|650716|0.680555555556
6564|276397|0.680555555556
6564|738909|0.795918367347
6564|691847|0.759615384615
6564|793125|0.742857142857
6564|816521|0.680555555556
6564|278335|0.742857142857
6564|146009|0.8
6564|686633|0.742857142857
6564|461511|0.680555555556
6564|417914|0.763636363636
6564|723536|0.680555555556
6564|300747|0.742857142857
6564|111180|0.161290322581
6564|794218|0.161290322581
6564|199753|0.142857142857
6564|710474|0.161290322581
6564|645406|0.161290322581
6564|486183|0.161290322581
6564|299718|0.161290322581
6564|180078|0.161290322581
6564|170593|0.161290322581
6564|780631|0.161290322581
6564|86238|0.161290322581
6564|331313|0.161290322581
6564|429111|0.161290322581
6564|433619|0.161290322581
6564|671516|0.142857142857
6564|144989|0.161290322581
6564|340599|0.161290322581
6564|89472|0.161290322581
6564|216108|0.161290322581
6564|517031|0.161290322581
6564|441120|0.161290322581
6564|234223|0.161290322581
6564|78809|0.161290322581
6564|452569|0.161290322581
6564|313936|0.161290322581
6564|507229|0.142857142857
6564|48568|0.161290322581
6564|118719|0.161290322581
6564|238644|0.161290322581
6564|120783|0.161290322581
6564|267854|0.161290322581
6564|447712|0.161290322581
6564|408683|0.161290322581
6564|53385|0.161290322581
6564|828551|0.161290322581
6564|718358|0.161290322581
6564|137443|0.161290322581
6564|525641|0.161290322581
6564|720982|0.161290322581
6564|339841|0.161290322581
6564|564228|0.161290322581
6564|487276|0.161290322581
6564|206094|0.0
6564|139773|0.161290322581
6564|274041|0.161290322581
6564|680678|0.161290322581
6564|524501|0.0
6564|760068|0.0
6564|424112|0.0
6564|420014|0.0
7653|300909|0.770833333333
7653|260136|0.770833333333
7653|812277|0.770833333333
7653|68996|0.770833333333
7653|780980|0.770833333333
7653|371229|0.770833333333
7653|72835|0.770833333333
7653|383746|0.770833333333
7653|172160|0.770833333333
7653|710479|0.770833333333
7653|562285|0.770833333333
7653|708836|0.215384615385
7653|692772|0.770833333333
7653|9382|0.770833333333
7653|218775|0.0
7653|143081|0.725490196078
7653|475425|0.725490196078
7653|62709|0.725490196078
7653|291899|0.725490196078
7653|830013|0.725490196078
7653|367200|0.725490196078
7653|567262|0.725490196078
7653|796425|0.215384615385
7653|195222|0.215384615385
7653|322023|0.725490196078
7653|159710|0.725490196078
7653|271760|0.725490196078
7653|666418|0.725490196078
7653|694904|0.215384615385
7653|594239|0.725490196078
7653|518310|0.725490196078
7653|91368|0.725490196078
7653|612069|0.725490196078
7653|411677|0.728476821192
7653|34948|0.238095238095
7653|363413|0.725490196078
7653|319740|0.725490196078
7653|226229|0.725490196078
7653|156509|0.725490196078
7653|327081|0.215384615385
7653|799225|0.725490196078
7653|242417|0.725490196078
7653|643334|0.725490196078
7653|749155|0.725490196078
7653|813297|0.725490196078
7653|472163|0.725490196078
7653|508185|0.725490196078
7653|291476|0.725490196078
7653|701418|0.725490196078
7653|539491|0.725490196078
7653|507587|0.142857142857
7653|520507|0.162162162162
7653|17583|0.142857142857
7653|829324|0.142857142857
7653|421011|0.0
7653|475171|0.142857142857
7653|380046|0.142857142857
7653|568041|0.0
7653|637818|0.0
7653|766793|0.162162162162
7653|86018|0.142857142857
7653|685816|0.142857142857
7653|718235|0.142857142857
7653|462422|0.142857142857
7653|273754|0.142857142857
7653|40113|0.162162162162
7653|283447|0.0
7653|692450|0.0
7653|607450|0.142857142857
7653|609897|0.0
7653|413679|0.142857142857
7653|9598|0.162162162162
7653|487513|0.142857142857
7653|709702|0.142857142857
7653|169060|0.0
7653|83146|0.137931034483
7653|120993|0.142857142857
7653|706556|0.142857142857
7653|669809|0.142857142857
7653|595372|0.162162162162
7653|143238|0.137931034483
7653|587387|0.142857142857
7653|820688|0.142857142857
7653|518781|0.142857142857
7653|506540|0.142857142857
7653|513460|0.142857142857
7653|215312|0.142857142857
7653|770939|0.142857142857
7653|288682|0.142857142857
7653|55805|0.142857142857
7653|290448|0.162162162162
7653|568812|0.162162162162
7653|524943|0.142857142857
7653|544945|0.142857142857
7653|503052|0.142857142857
7653|87025|0.142857142857
7653|137595|0.162162162162
7653|652257|0.162162162162
7653|253890|0.162162162162
7653|612295|0.142857142857
7152|451993|0.0
7152|250815|0.0
7152|681931|0.0
7152|820475|0.0
7152|397011|0.0
7152|166391|0.0
7152|517261|0.0
7152|813067|0.0
7152|558428|0.0
7152|237693|0.0
7152|262666|0.0
7152|308400|0.0
7152|92083|0.0
7152|51106|0.0
7152|31988|0.0
7152|828283|0.0
7152|585731|0.0
7152|327972|0.0
7152|397959|0.0
7152|274207|0.0
7152|107560|0.0
7152|449665|0.0
7152|78189|0.0
7152|250956|0.0
7152|272269|0.0
7152|427800|0.0
7152|723677|0.0
7152|723673|0.0
7152|35356|0.0
7152|657526|0.0
7152|354353|0.0
7152|663877|0.0
7152|640077|0.0
7152|372362|0.0
7152|153190|0.0
7152|786455|0.0
7152|718928|0.0
7152|182744|0.0
7152|212262|0.0
7152|749115|0.0
7152|606535|0.0
7152|95531|0.0
7152|166950|0.0
7152|368666|0.0
7152|264278|0.0
7152|776446|0.0
7152|244655|0.0
7152|710951|0.0
7152|730687|0.0
7152|332213|0.0
7152|150168|0.0
7152|249472|0.0
7152|452193|0.0
7152|187108|0.0
7152|477051|0.0
7152|222069|0.0
7152|57624|0.0
7152|390043|0.0
7152|485331|0.0
7152|592458|0.0
7152|448510|0.0
7152|288869|0.0
7152|678843|0.0
7152|815866|0.0
7152|382052|0.0
7152|261681|0.0
7152|733742|0.0
7152|711428|0.0
7152|112848|0.0
7152|676051|0.0
7152|108306|0.0
7152|229766|0.0
7152|336052|0.0
7152|655596|0.0
7152|523064|0.0
7152|483224|0.0
7152|85497|0.0
7152|477902|0.0
7152|173450|0.0
7152|517634|0.0
7152|136932|0.0
7152|804493|0.0
7152|158065|0.0
7152|675609|0.0
7152|745800|0.0
7152|494307|0.0
7152|664842|0.0
7152|672870|0.0
7152|599609|0.0
7152|257595|0.0
7152|797195|0.0
7152|705919|0.0
7152|205236|0.0
7152|596152|0.0
7152|779454|0.0
7152|397224|0.0
7152|82618|0.0
7152|818571|0.0
7152|96024|0.0
7152|790799|0.0
6091|451993|0.0
6091|250815|0.0
6091|681931|0.0
6091|820475|0.0
6091|397011|0.0
6091|166391|0.0
6091|517261|0.0
6091|813067|0.0
6091|558428|0.0
6091|237693|0.0
6091|262666|0.0
6091|308400|0.0
6091|92083|0.0
6091|51106|0.0
6091|31988|0.0
6091|828283|0.0
6091|585731|0.0
6091|327972|0.0
6091|397959|0.0
6091|274207|0.0
6091|107560|0.0
6091|449665|0.0
6091|78189|0.0
6091|250956|0.0
6091|272269|0.0
6091|427800|0.0
6091|723677|0.0
6091|723673|0.0
6091|35356|0.0
6091|657526|0.0
6091|354353|0.0
6091|663877|0.0
6091|640077|0.0
6091|372362|0.0
6091|153190|0.0
6091|786455|0.0
6091|718928|0.0
6091|182744|0.0
6091|212262|0.0
6091|749115|0.0
6091|606535|0.0
6091|95531|0.0
6091|166950|0.0
6091|368666|0.0
6091|264278|0.0
6091|776446|0.0
6091|244655|0.0
6091|710951|0.0
6091|730687|0.0
6091|332213|0.0
6091|739603|0.551724137931
6091|156398|0.111111111111
6091|712163|0.19298245614
6091|662797|0.551724137931
6091|687714|0.551724137931
6091|127563|0.111111111111
6091|195592|0.551724137931
6091|94703|0.111111111111
6091|256541|0.111111111111
6091|521948|0.111111111111
6091|45391|0.491525423729
6091|206368|0.551724137931
6091|346322|0.111111111111
6091|205592|0.111111111111
6091|805659|0.111111111111
6091|739454|0.491525423729
6091|238830|0.551724137931
6091|424858|0.5
6091|273519|0.111111111111
6091|378156|0.491525423729
6091|509532|0.0
6091|746446|0.5
6091|702400|0.459459459459
6091|793943|0.457627118644
6091|553447|0.111111111111
6091|635731|0.465517241379
6091|385048|0.111111111111
6091|297430|0.111111111111
6091|331266|0.510204081633
6091|552283|0.491525423729
6091|185000|0.111111111111
6091|778075|0.111111111111
6091|708414|0.111111111111
6091|623262|0.111111111111
6091|288050|0.111111111111
6091|573723|0.5
6091|569334|0.111111111111
6091|585924|0.5
6091|731908|0.5
6091|152192|0.111111111111
6091|643514|0.111111111111
6091|777310|0.111111111111
6091|580152|0.111111111111
6091|737191|0.111111111111
6091|736304|0.491525423729
6091|200367|0.5
6091|716815|0.111111111111
6091|20178|0.111111111111
6091|385942|0.111111111111
6091|659317|0.457627118644
6813|451993|0.0
6813|250815|0.0
6813|681931|0.0
6813|820475|0.0
6813|397011|0.0
6813|166391|0.0
6813|517261|0.0
6813|813067|0.0
6813|558428|0.0
6813|237693|0.0
6813|262666|0.0
6813|308400|0.0
6813|92083|0.0
6813|51106|0.0
6813|31988|0.0
6813|828283|0.0
6813|585731|0.0
6813|327972|0.0
6813|397959|0.0
6813|274207|0.0
6813|107560|0.0
6813|449665|0.0
6813|78189|0.0
6813|250956|0.0
6813|272269|0.0
6813|427800|0.0
6813|723677|0.0
6813|723673|0.0
6813|35356|0.0
6813|657526|0.0
6813|354353|0.0
6813|663877|0.0
6813|640077|0.0
6813|372362|0.0
6813|153190|0.0
6813|786455|0.0
6813|718928|0.0
6813|182744|0.0
6813|212262|0.0
6813|749115|0.0
6813|606535|0.0
6813|95531|0.0
6813|166950|0.0
6813|368666|0.0
6813|264278|0.0
6813|776446|0.0
6813|244655|0.0
6813|710951|0.0
6813|730687|0.0
6813|332213|0.0
6813|454287|0.487804878049
6813|41365|0.595238095238
6813|374589|0.732142857143
6813|404594|0.733333333333
6813|76443|0.736111111111
6813|97645|0.0
6813|135616|0.65306122449
6813|39039|0.690909090909
6813|425018|0.730158730159
6813|362773|0.222222222222
6813|775679|0.0
6813|192676|0.222222222222
6813|338789|0.648648648649
6813|95094|0.55
6813|32445|0.0
6813|285397|0.0
6813|424995|0.736111111111
6813|287599|0.7
6813|761331|0.605263157895
6813|751802|0.0
6813|587224|0.595238095238
6813|795714|0.595238095238
6813|497547|0.617021276596
6813|118294|0.648648648649
6813|163864|0.0
6813|589632|0.595238095238
6813|394901|0.648648648649
6813|377902|0.0
6813|127161|0.0
6813|769050|0.732142857143
6813|541589|0.595238095238
6813|75613|0.222222222222
6813|149806|0.703703703704
6813|151516|0.0
6813|300999|0.0
6813|452757|0.0
6813|319454|0.0
6813|393705|0.595238095238
6813|246821|0.595238095238
6813|623460|0.666666666667
6813|807460|0.0
6813|359350|0.421052631579
6813|555258|0.642857142857
6813|613489|0.666666666667
6813|247971|0.0
6813|738275|0.682926829268
6813|544101|0.0
6813|754836|0.627906976744
6813|23733|0.0
6813|446182|0.648648648649
7509|451993|0.0
7509|250815|0.0
7509|681931|0.0
7509|820475|0.0
7509|397011|0.0
7509|166391|0.0
7509|517261|0.0
7509|813067|0.0
7509|558428|0.0
7509|237693|0.0
7509|262666|0.0
7509|308400|0.0
7509|92083|0.0
7509|51106|0.0
7509|31988|0.0
7509|828283|0.0
7509|585731|0.0
7509|327972|0.0
7509|397959|0.0
7509|274207|0.0
7509|107560|0.0
7509|449665|0.0
7509|78189|0.0
7509|250956|0.0
7509|272269|0.0
7509|427800|0.0
7509|723677|0.0
7509|723673|0.0
7509|35356|0.0
7509|657526|0.0
7509|354353|0.0
7509|663877|0.0
7509|640077|0.0
7509|372362|0.0
7509|153190|0.0
7509|786455|0.0
7509|718928|0.0
7509|182744|0.0
7509|212262|0.0
7509|749115|0.0
7509|606535|0.0
7509|95531|0.0
7509|166950|0.0
7509|368666|0.0
7509|264278|0.0
7509|776446|0.0
7509|244655|0.0
7509|710951|0.0
7509|730687|0.0
7509|332213|0.0
7509|307712|0.0
7509|742006|0.105263157895
7509|393299|0.0
7509|428294|0.105263157895
7509|308042|0.0
7509|541596|0.105263157895
7509|271285|0.0
7509|263243|0.0
7509|435745|0.0
7509|348285|0.0
7509|564413|0.0
7509|320011|0.0
7509|276165|0.0
7509|340217|0.0
7509|711884|0.0
7509|108683|0.0
7509|222550|0.0
7509|512942|0.0
7509|138306|0.0
7509|752675|0.0
7509|761107|0.0
7502557|545962|0.0
2557|303233|0.0
2557|773131|0.0
2557|726082|0.0
2557|693714|0.0
2557|579720|0.0
2557|152277|0.0
2557|451838|0.0
2557|170494|0.0
2557|191376|0.0
2557|543142|0.0
2557|597226|0.0
2557|214738|0.0
2557|169927|0.0
2557|357897|0.0
2557|147477|0.0
2557|655556|0.0
2557|694195|0.0
2557|365734|0.0
2557|10023|0.0
2557|746935|0.0
2557|8669|0.0
2557|165217|0.0
2557|87507|0.0
2557|750452|0.0
2557|477339|0.0
2557|121307|0.0
2557|816053|0.0
2557|125694|0.0
2557|754012|0.0
2557|298014|0.0
2557|403529|0.0
2557|484649|0.0
2557|619735|0.0
2557|255703|0.0
2557|256420|0.0
2557|712785|0.0
2557|505615|0.0
2557|732014|0.0
2557|178000|0.0
2557|624263|0.0
2557|167942|0.0
2557|162232|0.0
2557|365519|0.0
2557|262665|0.0
2557|517159|0.0
2557|108247|0.0
2557|394910|0.0
2557|547029|0.0
2557|175660|0.0
2557|550056|0.2
2557|66558|0.2
2557|680482|0.24358974359
2557|316635|0.0
2557|26851|0.24358974359
2557|812497|0.2
2557|53617|0.24358974359
2557|663549|0.2
2557|465754|0.2
2557|549864|0.2
2557|129729|0.261029411765
2557|124886|0.2
2557|76661|0.2
2557|235795|0.2
2557|743253|0
2557|201993|0.24358974359
2557|455780|0.2
2557|813374|0.24358974359
2557|418629|0.2
2557|408025|0.2
2557|731140|0.2
2557|582965|0.260869565217
2557|748472|0.2
2557|780278|0.217948717949
2557|765128|0.2
2557|389809|0.2
2557|572490|0.25
2557|364152|0.24358974359
2557|331321|0.2
2557|609701|0.2
2557|576262|0.2
2557|27861|0.2
2557|825610|0.24358974359
2557|142766|0.2
2557|35629|0.2
2557|83346|0.2
2557|667246|0.2
2557|394179|0.2
2557|32412|0.2
2557|95937|0.2
2557|343494|0.0384615384615
2557|529697|0.2
2557|122515|0.2
2557|679869|0.2
2557|180686|0.2
2557|457401|0.24358974359
2557|451058|0.2
2557|473174|0
2557|438032|0.2
2557|318405|0.2
1293|545962|0.0
1293|303233|0.0
1293|773131|0.0
1293|726082|0.0
1293|693714|0.0
1293|579720|0.0
1293|152277|0.0
1293|451838|0.0
1293|170494|0.0
1293|191376|0.0
1293|543142|0.0
1293|597226|0.0
1293|214738|0.0
1293|169927|0.0
1293|357897|0.0
1293|147477|0.0
1293|655556|0.0
1293|694195|0.0
1293|365734|0.0
1293|10023|0.0
1293|746935|0.0
1293|8669|0.0
1293|165217|0.0
1293|87507|0.0
1293|750452|0.0
1293|477339|0.0
1293|121307|0.0
1293|816053|0.0
1293|125694|0.0
1293|754012|0.0
1293|298014|0.0
1293|403529|0.0
1293|484649|0.0
1293|619735|0.0
1293|255703|0.0
1293|256420|0.0
1293|712785|0.0
1293|505615|0.0
1293|732014|0.0
1293|178000|0.0
1293|624263|0.0
1293|167942|0.0
1293|162232|0.0
1293|365519|0.0
1293|262665|0.0
1293|517159|0.0
1293|108247|0.0
1293|394910|0.0
1293|547029|0.0
1293|175660|0.0
1293|26568|0.0
1293|547024|0.0
1293|315079|0.0
1293|256491|0.0
1293|580468|0.0
1293|255994|0.0
1293|43396|0.0
1293|712394|0.0
1293|320477|0.0
1293|786512|0.0
1293|108202|0.0
1293|31680|0.0
1293|487280|0.0
1293|693334|0.0
1293|675247|0.0
1293|475344|0.0
1293|336530|0.0
1293|210415|0.0
1293|116496|0.0
1293|176742|0.0
1293|704575|0.0
1293|170354|0.0
1293|773489|0.0
1293|363881|0.0
1293|97938|0.0
1293|92767|0.0
1293|304996|0.0
1293|606398|0.0
1293|769467|0.0
1293|792490|0.0
1293|679637|0.0
1293|789791|0.0
1293|78880|0.0
1293|400228|0.0
1293|356205|0.0
1293|80519|0.0
1293|141262|0.0
1293|50360|0.0
1293|333590|0.0
1293|544752|0.0
1293|158187|0.0
1293|55454|0.0
1293|94031|0.0
1293|387509|0.0
1293|796584|0.0
1293|773942|0.0
1293|273594|0.0
1293|677125|0.0
1293|730286|0.0
1293|709743|0.0
2300|545962|0.0
2300|303233|0.0
2300|773131|0.0
2300|726082|0.0
2300|693714|0.0
2300|579720|0.0
2300|152277|0.0
2300|451838|0.0
2300|170494|0.0
2300|191376|0.0
2300|543142|0.0
2300|597226|0.0
2300|214738|0.0
2300|169927|0.0
2300|357897|0.0
2300|147477|0.0
2300|655556|0.0
2300|694195|0.0
2300|365734|0.0
2300|10023|0.0
2300|746935|0.0
2300|8669|0.0
2300|165217|0.0
2300|87507|0.0
2300|750452|0.0
2300|477339|0.0
2300|121307|0.0
2300|816053|0.0
2300|125694|0.0
2300|754012|0.0
2300|298014|0.0
2300|403529|0.0
2300|484649|0.0
2300|619735|0.0
2300|255703|0.0
2300|256420|0.0
2300|712785|0.0
2300|505615|0.0
2300|732014|0.0
2300|178000|0.0
2300|624263|0.0
2300|167942|0.0
2300|162232|0.0
2300|365519|0.0
2300|262665|0.0
2300|517159|0.0
2300|108247|0.0
2300|394910|0.0
2300|547029|0.0
2300|175660|0.0
2300|